[[-0.73187563  0.49184922]
 [ 0.46400835  1.11629864]
 [-0.43069025 -0.21893089]
 [ 1.40864973 -0.417772  ]
 [-0.23931135  1.08130313]
 [ 0.63670731 -1.5066224 ]
 [ 1.22320344  0.57584196]
 [-0.85513988 -0.0539585 ]
 [ 1.18849807 -1.01890716]
 [ 0.00814413 -0.20122764]
 [-0.68177444  0.84777186]
 [-0.29431677 -0.50886827]
 [ 0.86228897  1.01158639]
 [ 0.03572214  1.24034265]
 [-0.83903997  0.32453375]
 [ 0.30310317 -1.59813178]
 [-0.48367466  0.87749165]
 [-0.65691669  0.01231873]
 [ 1.43729386  0.12358344]
 [-0.87486926  0.39803804]
 [ 0.183654    1.14817764]
 [-0.34853529 -0.03397267]
 [-0.8553583  -0.11860072]
 [-0.4495516   0.92003246]
 [ 1.43872427 -0.48716461]]
[[-0.74683249  0.4076208 ]
 [ 0.63625361  1.06786289]
 [-0.62918143 -0.13331296]
 [ 1.41874794  0.14005309]
 [-0.23931135  1.08130313]
 [ 0.86645717 -1.33071365]
 [-0.26289054 -0.26236508]
 [ 1.43872427 -0.48716461]
 [-1.64875465 -0.76412421]
 [ 1.17991808  0.82166597]
 [ 0.30310317 -1.59813178]
 [-0.87374074  0.58231461]
 [-0.77440088 -0.3761865 ]
 [-0.49278396  0.9431086 ]
 [ 0.03572214  1.24034265]
 [-0.88703899  0.11841949]
 [-0.29431677 -0.50886827]
 [ 0.70500943  1.03245037]
 [-0.34853529 -0.03397267]
 [-0.5759809   0.79059771]
 [ 1.2454937  -1.04563622]
 [ 1.22320344  0.57584196]
 [-0.94331774  0.35866479]
 [ 0.06173197  1.13804868]
 [ 0.00814413 -0.20122764]]
[[-0.74683249  0.4076208 ]
 [ 0.82134088  0.97968159]
 [-0.2764576   1.11989962]
 [ 1.42879306 -0.05843946]
 [-0.31240224 -0.49421889]
 [ 0.48048151 -1.54456023]
 [-1.64875465 -0.76412421]
 [ 1.22320344  0.57584196]
 [-1.39474203  1.3117578 ]
 [-1.23943021 -1.23216867]
 [ 1.2454937  -1.04563622]
 [-0.7818634  -0.01411889]
 [ 0.2316182   1.15585264]
 [ 0.00814413 -0.20122764]
 [ 0.00636579 -1.72772285]
 [-0.79630292  0.64467699]
 [-1.80543611 -0.27076023]
 [-0.32089917  1.00039547]
 [-0.68096611 -0.1469529 ]
 [ 1.16677212  0.73556884]
 [ 1.43872427 -0.48716461]
 [ 0.14467816  1.20555693]
 [-0.94331774  0.35866479]
 [ 1.40353984  0.20182584]
 [-0.52551929  0.8501943 ]]
[[-0.73280343  0.41230707]
 [ 0.57701424  1.09111756]
 [-0.53630101 -0.41817518]
 [ 1.42879306 -0.05843946]
 [ 1.19539226 -0.9533361 ]
 [-0.30898742  1.01365502]
 [-1.64875465 -0.76412421]
 [-0.32600415 -1.67373955]
 [ 1.21114593  0.63282061]
 [-1.39474203  1.3117578 ]
 [-0.95589971 -1.43628062]
 [ 0.00814413 -0.20122764]
 [ 1.58874292 -1.50809366]
 [-0.91885581  0.13387925]
 [ 0.48048151 -1.54456023]
 [ 0.14467816  1.20555693]
 [-0.7985864   0.8390141 ]
 [-1.80543611 -0.27076023]
 [-0.68096611 -0.1469529 ]
 [ 1.36917369  0.41493268]
 [-0.72526316  0.55726646]
 [-0.39256629 -0.50136627]
 [ 1.43872427 -0.48716461]
 [-0.32089917  1.00039547]
 [ 0.82134088  0.97968159]]
[[-0.72640126  0.44892992]
 [ 0.1899211   1.14464058]
 [-0.45664892 -0.47250809]
 [ 1.36917369  0.41493268]
 [ 1.19539226 -0.9533361 ]
 [-0.20251061 -1.66404872]
 [-0.38548549  0.98733232]
 [-1.80543611 -0.27076023]
 [-1.39474203  1.3117578 ]
 [ 0.9811502   0.85220442]
 [-0.95589971 -1.43628062]
 [-0.90159518  0.02516833]
 [ 1.58874292 -1.50809366]
 [ 0.70164478 -1.43869081]
 [-1.79386883  0.51607375]
 [ 0.00814413 -0.20122764]
 [ 1.43872427 -0.48716461]
 [-0.7985864   0.8390141 ]
 [ 0.48371758  1.14024328]
 [-0.26764231  1.15144707]
 [-0.70676332  0.12465807]
 [-1.64875465 -0.76412421]
 [-0.39256629 -0.50136627]
 [-0.68714424  0.5813593 ]
 [-1.23235792  0.30607324]]
[[-0.68714424  0.5813593 ]
 [ 0.70666913  1.03858199]
 [-0.59292141 -0.28404986]
 [ 1.19539226 -0.9533361 ]
 [-0.1358778   1.08964542]
 [ 1.27914014  0.47284665]
 [-1.64875465 -0.76412421]
 [-0.20251061 -1.66404872]
 [-1.23235792  0.30607324]
 [ 0.00814413 -0.20122764]
 [-1.39474203  1.3117578 ]
 [-0.95589971 -1.43628062]
 [ 1.58874292 -1.50809366]
 [ 0.70164478 -1.43869081]
 [-0.14003482  1.24563725]
 [-1.79386883  0.51607375]
 [-0.53580817 -0.56422158]
 [ 1.13891922  0.89485906]
 [-0.55348364  0.98919815]
 [-0.7090278   0.00730324]
 [ 1.43872427 -0.48716461]
 [ 0.3547537   1.32236566]
 [-0.70580539  0.56150649]
 [-1.80543611 -0.27076023]
 [-0.8773986  -0.07650296]]
[[-0.73878696  0.29033108]
 [ 0.25403851  1.14491408]
 [-0.33150479 -0.31900771]
 [ 1.33543925  0.35384781]
 [ 1.19229702 -0.97636731]
 [-0.55348364  0.98919815]
 [-1.64875465 -0.76412421]
 [-0.20251061 -1.66404872]
 [-1.79386883  0.51607375]
 [ 1.02816643  0.89700893]
 [-0.8854187  -0.31499412]
 [ 0.63578953 -1.48112041]
 [ 1.58874292 -1.50809366]
 [-1.39474203  1.3117578 ]
 [-0.95589971 -1.43628062]
 [ 0.04558805 -0.37553077]
 [-0.11108115  1.25907223]
 [-0.80422986  0.44474495]
 [ 1.43872427 -0.48716461]
 [ 0.49046002  1.17678305]
 [-0.50440272  0.864675  ]
 [-0.41723874 -0.65590772]
 [-0.60780253 -0.03160837]
 [-1.23235792  0.30607324]
 [-1.80543611 -0.27076023]]
[[-0.72088975  0.51363909]
 [ 0.4934469   1.10927717]
 [-0.58803305 -0.26550966]
 [ 1.39749732 -0.49828092]
 [ 1.07411404  0.76687706]
 [ 0.60275332 -1.50274762]
 [-0.34702705  1.00030431]
 [-1.80543611 -0.27076023]
 [-0.42700627 -1.62810547]
 [-1.39474203  1.3117578 ]
 [ 0.04558805 -0.37553077]
 [ 1.58874292 -1.50809366]
 [-1.64875465 -0.76412421]
 [ 1.41618402  0.12017765]
 [-0.89476528  0.25374551]
 [-0.11108115  1.25907223]
 [-1.79386883  0.51607375]
 [-0.59565557  0.78539324]
 [ 1.19229702 -0.97636731]
 [-0.70356988 -0.03371016]
 [ 0.73648326  1.04135768]
 [-0.95589971 -1.43628062]
 [-0.41723874 -0.65590772]
 [ 0.12092366  1.14305092]
 [-1.23235792  0.30607324]]
[[-0.73411499  0.4312665 ]
 [ 0.59595562  1.08894281]
 [-0.58803305 -0.26550966]
 [ 1.44173423 -0.08567719]
 [-0.26798573  1.0439607 ]
 [ 1.13357381 -1.07135866]
 [-1.64875465 -0.76412421]
 [-1.78389909  0.59731184]
 [-0.42700627 -1.62810547]
 [ 1.15408584  0.72706411]
 [ 0.01739869 -0.53849792]
 [-1.39474203  1.3117578 ]
 [ 1.58874292 -1.50809366]
 [ 0.60275332 -1.50274762]
 [-0.89476528  0.25374551]
 [ 0.36479317  1.33127509]
 [-0.63354522  0.82258163]
 [-0.95589971 -1.43628062]
 [-0.89635355 -0.52806252]
 [-0.25186356 -0.11492201]
 [-0.18800291  1.09628416]
 [ 1.44092792  0.32955268]
 [-1.80543611 -0.27076023]
 [-0.88146687  0.24723125]
 [ 1.39749732 -0.49828092]]
[[-7.34114995e-01  4.31266501e-01]
 [ 2.76624896e-01  1.15025507e+00]
 [ 1.44173423e+00 -8.56771920e-02]
 [-6.09398935e-01 -2.74739147e-01]
 [ 7.17721863e-01 -1.41908381e+00]
 [ 1.00370691e+00  9.24211466e-01]
 [-1.80543611e+00 -2.70760233e-01]
 [-4.27006268e-01 -1.62810547e+00]
 [-4.14039085e-01  1.08144269e+00]
 [ 1.27676583e+00 -8.89865332e-01]
 [ 8.14406035e-02 -3.92168599e-01]
 [-1.39474203e+00  1.31175780e+00]
 [-1.64875465e+00 -7.64124213e-01]
 [ 1.58874292e+00 -1.50809366e+00]
 [-1.06613068e+00 -1.72372820e-03]
 [ 1.27621211e+00  5.36328114e-01]
 [-1.78389909e+00  5.97311844e-01]
 [-5.80404510e-01  7.76333999e-01]
 [-4.44742386e-01 -7.27135005e-01]
 [ 3.64793169e-01  1.33127509e+00]
 [-9.55899711e-01 -1.43628062e+00]
 [-6.05365589e-01 -6.88364446e-02]
 [-2.25692961e-01  1.05318578e+00]
 [-7.55110475e-01  5.08619248e-01]
 [ 5.82964902e-01 -1.51198421e+00]]
[[-0.69485272  0.56829073]
 [ 0.56340625  1.08924011]
 [ 1.35202362 -0.63194803]
 [-0.60939894 -0.27473915]
 [ 0.55891499 -1.50306918]
 [ 1.15439179  0.67125694]
 [-1.64875465 -0.76412421]
 [-0.22187125  1.07262994]
 [-0.95589971 -1.43628062]
 [-1.78389909  0.59731184]
 [ 1.58874292 -1.50809366]
 [ 0.0814406  -0.3921686 ]
 [-1.39474203  1.3117578 ]
 [ 1.44173423 -0.08567719]
 [-0.79883283  0.13241999]
 [ 0.0273956  -1.65265792]
 [ 0.01541375  1.27592476]
 [-0.65370271  0.78371564]
 [-0.44474239 -0.727135  ]
 [ 1.11675381 -1.07629426]
 [-1.80543611 -0.27076023]
 [ 0.90809308  0.98643514]
 [-0.74168685  0.01038269]
 [ 1.37934163  0.56573076]
 [-0.37885269  0.96362865]]
[[-0.75758983  0.29834179]
 [ 0.60622333  1.0749668 ]
 [-0.46331644 -0.41522584]
 [ 1.37845209  0.25676785]
 [-0.37056175  0.97921874]
 [ 1.11675381 -1.07629426]
 [-1.4677921  -0.99267323]
 [ 0.0273956  -1.65265792]
 [-1.78389909  0.59731184]
 [-0.95589971 -1.43628062]
 [ 1.06328513  0.77491451]
 [ 0.0814406  -0.3921686 ]
 [-1.39474203  1.3117578 ]
 [ 1.58874292 -1.50809366]
 [ 0.01541375  1.27592476]
 [-0.84105945 -0.06801585]
 [ 1.43238733 -0.25971759]
 [-0.74682736  0.68501175]
 [-1.80543611 -0.27076023]
 [-0.44474239 -0.727135  ]
 [-0.51406246 -0.15477649]
 [ 1.37934163  0.56573076]
 [ 0.63321433  1.09678169]
 [-0.93342972  0.14027167]
 [-0.37885269  0.96362865]]
[[-0.70492235  0.56083034]
 [ 0.55789666  1.09323587]
 [-0.65582101 -0.24889399]
 [ 1.43275057 -0.1312018 ]
 [-0.15315069  1.10123355]
 [ 0.45306706 -1.5495273 ]
 [-1.54972862 -0.87931431]
 [ 1.35858466 -0.64285894]
 [-1.78389909  0.59731184]
 [-0.21517553 -0.54402682]
 [ 1.0544027   0.80403691]
 [-0.95589971 -1.43628062]
 [-1.39474203  1.3117578 ]
 [ 1.58874292 -1.50809366]
 [-0.84434167  0.25180295]
 [-0.55045843  0.93023893]
 [-0.30988376 -0.1097058 ]
 [ 0.01541375  1.27592476]
 [-1.80543611 -0.27076023]
 [ 1.36215306  0.3444104 ]
 [-0.95515943  0.05571302]
 [ 0.0273956  -1.65265792]
 [-0.56805541  0.78490695]
 [ 0.65016908  1.2015682 ]
 [-0.50136137 -0.54592108]]
[[-0.73822174  0.3661797 ]
 [ 0.31040235  1.14051733]
 [-0.38855268 -0.39006804]
 [ 1.43275057 -0.1312018 ]
 [-0.34276278  1.00692976]
 [ 1.01611196 -1.21220079]
 [-1.54972862 -0.87931431]
 [ 1.08910728  0.75820134]
 [-1.78389909  0.59731184]
 [ 0.0273956  -1.65265792]
 [-0.8727892  -0.11362246]
 [-1.39474203  1.3117578 ]
 [ 1.58874292 -1.50809366]
 [-0.95589971 -1.43628062]
 [ 0.08262918  0.07687597]
 [-0.77727226  0.61762674]
 [ 1.36689686 -0.73102683]
 [ 0.65016908  1.2015682 ]
 [-0.2602655   1.17449319]
 [-1.80543611 -0.27076023]
 [-0.21517553 -0.54402682]
 [-0.77473211  0.1451564 ]
 [ 1.36215306  0.3444104 ]
 [-0.78559306  0.73003491]
 [-0.73768811 -0.02440734]]
[[-0.72387363  0.48840381]
 [ 1.00951122  0.84734983]
 [-0.68737098 -0.19469889]
 [ 0.04016944  1.14807115]
 [ 1.41172254 -0.48512376]
 [-1.80543611 -0.27076023]
 [ 0.0273956  -1.65265792]
 [ 1.42916699  0.19555579]
 [-1.39474203  1.3117578 ]
 [-0.1551745  -0.32768663]
 [-1.54972862 -0.87931431]
 [ 1.58874292 -1.50809366]
 [-0.52339442  0.93014415]
 [-1.78389909  0.59731184]
 [-0.95589971 -1.43628062]
 [ 0.4493994   1.19752248]
 [-0.91586052  0.1352987 ]
 [ 1.01611196 -1.21220079]
 [ 0.08262918  0.07687597]
 [-0.67376723  0.7380661 ]
 [ 1.28135354  0.67040254]
 [-0.54554444 -0.37790134]
 [-0.32479253  1.07909348]
 [-0.78017311  0.31576706]
 [ 0.03443693 -0.56781279]]
[[-0.73914335  0.39971353]
 [ 0.61371392  1.07751839]
 [ 1.41779388  0.05510037]
 [-0.68737098 -0.19469889]
 [-0.16542379  1.10131224]
 [-1.69989583 -0.59613559]
 [ 1.01611196 -1.21220079]
 [ 0.03443693 -0.56781279]
 [-1.39474203  1.3117578 ]
 [-0.95589971 -1.43628062]
 [ 1.28135354  0.67040254]
 [ 0.0273956  -1.65265792]
 [-1.78389909  0.59731184]
 [ 1.58874292 -1.50809366]
 [-0.70018164  0.77114159]
 [ 0.08262918  0.07687597]
 [ 1.41172254 -0.48512376]
 [-0.91586052  0.1352987 ]
 [ 0.08190658  1.18879391]
 [ 0.8059357   1.03208687]
 [-0.57877209 -0.30085585]
 [-0.52339442  0.93014415]
 [-0.83067408  0.47616965]
 [ 0.4493994   1.19752248]
 [ 1.40445351  0.15832436]]
[[-0.71079209  0.5122512 ]
 [ 0.45568362  1.11797991]
 [-0.53367475 -0.28921441]
 [ 1.41779388  0.05510037]
 [-0.23009808  1.07785236]
 [ 1.01611196 -1.21220079]
 [-1.69989583 -0.59613559]
 [ 0.0273956  -1.65265792]
 [-1.39474203  1.3117578 ]
 [ 1.11808403  0.7340467 ]
 [ 0.03443693 -0.56781279]
 [-0.95589971 -1.43628062]
 [-1.78389909  0.59731184]
 [ 1.58874292 -1.50809366]
 [-0.91586052  0.1352987 ]
 [ 0.08262918  0.07687597]
 [ 1.41172254 -0.48512376]
 [-0.70018164  0.77114159]
 [-0.09234921  1.26083815]
 [ 0.6820739   1.12534565]
 [-0.65291245 -0.32999027]
 [-0.79647335  0.36889146]
 [-0.38944057  0.95567815]
 [-0.53304639 -0.34455298]
 [ 1.28135354  0.67040254]]
[[-0.55711637  0.79923904]
 [-0.62707274 -0.12558095]
 [ 0.95142123  0.87640412]
 [ 1.33679475 -0.70982942]
 [-0.0046735   1.13132867]
 [ 0.0273956  -1.65265792]
 [-0.91586052  0.1352987 ]
 [ 1.41279416  0.19611014]
 [-0.95589971 -1.43628062]
 [-1.39474203  1.3117578 ]
 [-0.18604328 -0.42606764]
 [ 1.58874292 -1.50809366]
 [-1.69989583 -0.59613559]
 [-1.78389909  0.59731184]
 [ 0.92655252 -1.27222251]
 [ 0.08262918  0.07687597]
 [ 0.31624136  1.19325511]
 [-0.49271498  1.04497242]
 [-0.78048043  0.56057426]
 [-0.49561004 -0.4553673 ]
 [ 1.28135354  0.67040254]
 [-0.21408707  1.1136249 ]
 [-0.71879164  0.49065008]
 [ 0.63162742  1.14235624]
 [-0.72708957 -0.11176239]]
[[-0.71879164  0.49065008]
 [ 0.59240039  1.08063108]
 [-0.49561004 -0.4553673 ]
 [ 1.39869516 -0.47676774]
 [-0.27778348  1.07093366]
 [ 0.91466608 -1.33231129]
 [-0.65389731 -1.59760601]
 [ 1.30117472  0.43269052]
 [-1.69989583 -0.59613559]
 [-1.39474203  1.3117578 ]
 [ 0.01466039 -0.17682787]
 [ 0.0273956  -1.65265792]
 [-0.82627688 -0.02231817]
 [ 1.58874292 -1.50809366]
 [-1.78389909  0.59731184]
 [-0.74538769  0.76624651]
 [ 0.17459309  1.23615331]
 [ 0.91822896  0.94579806]
 [ 1.54491951  0.07231321]
 [-0.65196984 -0.10118669]
 [-0.40915412  0.9489596 ]
 [-0.95589971 -1.43628062]
 [ 1.20712037 -0.94428092]
 [-0.25877463 -0.63630775]
 [-0.78048043  0.56057426]]
[[-0.71879164  0.49065008]
 [ 0.4551149   1.12811518]
 [-0.49561004 -0.4553673 ]
 [ 1.24264787 -0.87248042]
 [ 1.29760271  0.44988672]
 [-0.19216437 -1.65908467]
 [-0.27778348  1.07093366]
 [-1.69989583 -0.59613559]
 [-1.39474203  1.3117578 ]
 [ 0.91466608 -1.33231129]
 [ 0.01308346 -0.35608827]
 [-0.95589971 -1.43628062]
 [-0.91532514  0.13182566]
 [ 1.51747128 -0.04865546]
 [ 1.58874292 -1.50809366]
 [-1.78389909  0.59731184]
 [-0.74538769  0.76624651]
 [ 0.91822896  0.94579806]
 [-0.6718831  -0.02364662]
 [ 0.0472243   1.2305765 ]
 [-0.57105137  0.78103444]
 [-0.448103   -0.64554014]
 [-0.79244597  0.11275844]
 [-0.81400496  0.61816537]
 [ 0.12740103 -1.66173972]]
[[-0.65669586  0.65239177]
 [ 0.52935424  1.10126276]
 [-0.53547574 -0.26014179]
 [ 1.4462644  -0.34392991]
 [-0.0292445   1.14509324]
 [ 0.74956025 -1.39644406]
 [-0.67292838 -1.58932345]
 [ 1.2177522   0.624543  ]
 [-0.91532514  0.13182566]
 [-1.39474203  1.3117578 ]
 [ 1.58874292 -1.50809366]
 [-1.69989583 -0.59613559]
 [-0.10873694 -0.41439159]
 [-1.78389909  0.59731184]
 [ 0.12740103 -1.66173972]
 [-0.41657819  1.03630349]
 [-0.448103   -0.64554014]
 [ 1.1937162  -0.9528936 ]
 [-0.71257584  0.52605845]
 [ 0.94189702  0.94591279]
 [ 0.0472243   1.2305765 ]
 [-0.63049018 -0.05617399]
 [ 1.43903056  0.04631471]
 [-0.74538769  0.76624651]
 [-0.07934516 -0.20619353]]
[[-0.71257584  0.52605845]
 [ 0.58820995  1.08385776]
 [-0.5750293  -0.30429757]
 [ 1.36328821 -0.78697981]
 [ 1.25053419  0.56374844]
 [ 0.12740103 -1.66173972]
 [-0.25059313  1.0641534 ]
 [-1.69989583 -0.59613559]
 [-1.39474203  1.3117578 ]
 [ 0.8068314  -1.35710285]
 [-1.01321747  0.16599292]
 [ 1.58874292 -1.50809366]
 [-0.67292838 -1.58932345]
 [-0.10873694 -0.41439159]
 [ 1.43903056  0.04631471]
 [-1.78389909  0.59731184]
 [ 0.0472243   1.2305765 ]
 [-0.66033303  0.84725904]
 [ 0.95032863  1.03928759]
 [-0.61020769 -0.0296801 ]
 [-0.448103   -0.64554014]
 [-0.65669586  0.65239177]
 [ 0.52935424  1.10126276]
 [-0.31090811  1.14111714]
 [-0.71514941 -0.09813344]]
[[-0.65669586  0.65239177]
 [ 0.99832532  0.83967479]
 [-0.5750293  -0.30429757]
 [ 0.8794239  -1.31611418]
 [ 0.00477497  1.13191344]
 [ 1.4422663  -0.14543935]
 [-1.78389909  0.59731184]
 [ 0.12740103 -1.66173972]
 [-0.95802259 -0.05124876]
 [-1.39474203  1.3117578 ]
 [-1.69989583 -0.59613559]
 [ 1.58874292 -1.50809366]
 [ 1.33028869  0.42013746]
 [-0.67292838 -1.58932345]
 [-0.15052001 -0.57965342]
 [-0.56478411  0.90668157]
 [ 0.55550937  1.09886736]
 [-0.75279955  0.2666375 ]
 [ 1.36328821 -0.78697981]
 [-0.31090811  1.14111714]
 [-0.61020769 -0.0296801 ]
 [-0.74482736  0.64995752]
 [ 0.95032863  1.03928759]
 [-0.35681995  0.97776382]
 [ 1.25053419  0.56374844]]
[[-0.71808684  0.49359856]
 [ 0.33954145  1.14139835]
 [-0.59507687 -0.24680393]
 [ 1.38397778 -0.5276513 ]
 [ 1.10935819  0.73166936]
 [ 0.12740103 -1.66173972]
 [-0.35780043  0.9805112 ]
 [-1.78389909  0.59731184]
 [ 1.11140135 -1.16428913]
 [-1.69989583 -0.59613559]
 [-0.67292838 -1.58932345]
 [-1.39474203  1.3117578 ]
 [-0.15052001 -0.57965342]
 [ 1.58874292 -1.50809366]
 [-0.83153107  0.25804539]
 [-0.26619194  1.13760621]
 [ 0.58389291  1.10588033]
 [ 1.33028869  0.42013746]
 [-0.78480543  0.7502966 ]
 [-0.7981517  -0.07905847]
 [-0.50278413 -0.14060661]
 [ 0.95032863  1.03928759]
 [-0.06792034  1.18234804]
 [-0.65669586  0.65239177]
 [ 0.85655101 -1.32142152]]
[[-0.71808684  0.49359856]
 [ 0.56690301  1.09617897]
 [-0.53473376 -0.30440413]
 [ 1.4115006   0.08587284]
 [ 1.11140135 -1.16428913]
 [-0.29739223  1.02417464]
 [ 0.12740103 -1.66173972]
 [-1.69989583 -0.59613559]
 [-1.39474203  1.3117578 ]
 [ 1.17876908  0.66432391]
 [ 0.20065139 -0.21908158]
 [-0.67292838 -1.58932345]
 [-1.78389909  0.59731184]
 [ 1.58874292 -1.50809366]
 [-0.77967655  0.0642265 ]
 [ 1.38392492 -0.58656778]
 [-0.06792034  1.18234804]
 [-0.70360568  0.71361665]
 [-0.15052001 -0.57965342]
 [-0.7981517  -0.07905847]
 [ 0.43556418  1.26057292]
 [-0.5063613  -0.12948885]
 [-0.73427819  0.69139822]
 [ 1.29927539  0.53508429]
 [-0.16493054  1.07964654]]
[[-7.18086845e-01  4.93598561e-01]
 [ 2.96493080e-01  1.14409645e+00]
 [-5.34733756e-01 -3.04404127e-01]
 [ 1.42778249e+00 -4.37605673e-02]
 [ 1.07447892e+00 -1.11282178e+00]
 [-3.33909577e-01  1.06253667e+00]
 [-1.69989583e+00 -5.96135585e-01]
 [ 1.17876908e+00  6.64323911e-01]
 [ 1.27401033e-01 -1.66173972e+00]
 [-1.39474203e+00  1.31175780e+00]
 [ 2.00651392e-01 -2.19081577e-01]
 [-6.72928376e-01 -1.58932345e+00]
 [-9.67479642e-01  8.94114871e-02]
 [ 1.58874292e+00 -1.50809366e+00]
 [-1.78389909e+00  5.97311844e-01]
 [ 1.38392492e+00 -5.86567781e-01]
 [-6.50195884e-01  7.99880882e-01]
 [-3.56703991e-01 -4.74365631e-01]
 [ 6.49917764e-01  1.05670132e+00]
 [-6.79203388e-02  1.18234804e+00]
 [-7.02673701e-01 -2.82496111e-04]
 [-1.46495825e+00 -9.93113204e-01]
 [-7.34278194e-01  6.91398219e-01]
 [ 6.20276127e-01 -1.47811239e+00]
 [ 1.30479052e+00  5.24205861e-01]]
[[-0.70915693  0.51808333]
 [ 0.45919709  1.11707394]
 [-0.53473376 -0.30440413]
 [ 1.36457538 -0.61121016]
 [ 1.09970392  0.74221413]
 [-0.25818223 -1.65091345]
 [-1.03997126  0.1162598 ]
 [-0.33390958  1.06253667]
 [ 1.24509636 -1.23072428]
 [-1.46495825 -0.9931132 ]
 [-1.78389909  0.59731184]
 [-0.00996655 -0.46454201]
 [-1.39474203  1.3117578 ]
 [ 0.62027613 -1.47811239]
 [-1.8512806  -0.10187667]
 [ 1.44974086 -0.02864096]
 [-0.70554     0.58987554]
 [ 1.58874292 -1.50809366]
 [-0.44999439 -0.72985047]
 [ 0.14364672  1.18189665]
 [ 0.86467631  1.09839375]
 [-0.67292838 -1.58932345]
 [-0.7015801   0.00387984]
 [-0.57545207  0.87518928]
 [ 0.20065139 -0.21908158]]
[[-0.70915693  0.51808333]
 [ 0.59117183  1.08376842]
 [ 1.43257437 -0.16666628]
 [-0.53473376 -0.30440413]
 [ 0.50096273 -1.52928816]
 [-0.30342211  1.08436582]
 [-0.58686141 -1.59036714]
 [-1.8512806  -0.10187667]
 [ 1.33578614  0.38536962]
 [-1.39474203  1.3117578 ]
 [ 1.24509636 -1.23072428]
 [-0.00996655 -0.46454201]
 [-1.46495825 -0.9931132 ]
 [-0.852133    0.2798042 ]
 [-0.97373678  1.67880912]
 [ 0.0947991   1.2391356 ]
 [ 1.58874292 -1.50809366]
 [-0.71187293  0.84913416]
 [ 0.86467631  1.09839375]
 [-0.44999439 -0.72985047]
 [-1.78389909  0.59731184]
 [-0.85586191  0.09569107]
 [ 1.39384597 -0.54739514]
 [ 1.09970392  0.74221413]
 [-0.55824529  0.79695527]]
[[-7.18673604e-01  4.89374201e-01]
 [ 1.09970392e+00  7.42214125e-01]
 [-5.94827867e-01 -2.34075425e-01]
 [ 1.36006740e+00 -6.17027970e-01]
 [-6.22263858e-02  1.10936978e+00]
 [ 5.97431790e-01 -1.48445788e+00]
 [-1.85128060e+00 -1.01876666e-01]
 [-1.39474203e+00  1.31175780e+00]
 [ 1.40223636e+00  1.81215416e-01]
 [-5.86861413e-01 -1.59036714e+00]
 [-9.96654826e-03 -4.64542012e-01]
 [ 5.91171831e-01  1.08376842e+00]
 [ 1.58874292e+00 -1.50809366e+00]
 [-1.46495825e+00 -9.93113204e-01]
 [-4.37016491e-01  1.10226903e+00]
 [-9.96099031e-01  2.17295374e-01]
 [-9.73736777e-01  1.67880912e+00]
 [-7.32375746e-01 -4.59143967e-01]
 [-5.98922420e-01  7.53873581e-01]
 [-1.78389909e+00  5.97311844e-01]
 [-6.74870358e-01  2.76225381e-02]
 [ 4.74981972e-01  1.25086828e+00]
 [ 1.43699154e+00  6.92241470e-04]
 [-8.56368801e-01  6.45701552e-01]
 [ 9.59429379e-01 -1.24000529e+00]]
[[-0.7186736   0.4893742 ]
 [ 0.59117183  1.08376842]
 [-0.5424948  -0.23382864]
 [ 1.43653738 -0.13501138]
 [-0.30117614  1.08116511]
 [ 0.95942938 -1.24000529]
 [-1.8512806  -0.10187667]
 [-1.39474203  1.3117578 ]
 [ 1.27319548  0.57619453]
 [-0.58686141 -1.59036714]
 [-0.00996655 -0.46454201]
 [ 0.6669928   1.91393494]
 [-1.46495825 -0.9931132 ]
 [ 1.58874292 -1.50809366]
 [-0.89124926  0.26703167]
 [-0.97373678  1.67880912]
 [ 1.27722867 -0.81556967]
 [-0.73237575 -0.45914397]
 [-0.65748164  0.83396017]
 [ 0.05177438  1.21188942]
 [ 0.90771307  1.0107742 ]
 [-1.78389909  0.59731184]
 [ 0.59743179 -1.48445788]
 [-0.66741312  0.04243099]
 [-0.59892242  0.75387358]]
[[-0.7186736   0.4893742 ]
 [ 0.48040269  1.11338985]
 [-0.60834591 -0.23727532]
 [ 1.43653738 -0.13501138]
 [ 0.95942938 -1.24000529]
 [-0.33371135  1.08930238]
 [-1.8512806  -0.10187667]
 [-0.58686141 -1.59036714]
 [ 1.18738299  0.71862649]
 [-1.39474203  1.3117578 ]
 [-0.00996655 -0.46454201]
 [ 0.6669928   1.91393494]
 [-1.46495825 -0.9931132 ]
 [ 1.58874292 -1.50809366]
 [-0.90293052  0.11140442]
 [-0.97373678  1.67880912]
 [ 1.27722867 -0.81556967]
 [-0.56144068  0.80360792]
 [ 0.06481186  0.1588997 ]
 [ 0.59743179 -1.48445788]
 [-1.78389909  0.59731184]
 [-0.73237575 -0.45914397]
 [ 0.05177438  1.21188942]
 [ 0.71940467  1.10515023]
 [ 1.41329119  0.27386384]]
[[-0.71354632  0.14325018]
 [ 0.20660117  1.16269615]
 [ 1.29049378  0.46782753]
 [-0.47520624 -0.31476243]
 [ 0.95942938 -1.24000529]
 [-0.40505559  1.03841463]
 [-0.71256779 -1.55390943]
 [-1.78389909  0.59731184]
 [ 1.43307432 -0.13809689]
 [-1.46495825 -0.9931132 ]
 [ 0.17602025 -0.32691082]
 [-0.97373678  1.67880912]
 [ 0.6669928   1.91393494]
 [ 0.22351141 -1.62921954]
 [ 0.76132225  1.00727613]
 [ 1.58874292 -1.50809366]
 [-0.82155775  0.63677917]
 [-1.8512806  -0.10187667]
 [-0.83893528 -0.10939202]
 [ 0.03906634  1.25980594]
 [-0.61127278  0.72907173]
 [-1.39474203  1.3117578 ]
 [ 0.06481186  0.1588997 ]
 [-0.49356088 -0.30959611]
 [-0.90293052  0.11140442]]
[[-0.7077436   0.53172557]
 [ 0.60796877  1.07318523]
 [ 1.43307432 -0.13809689]
 [-0.71257048 -0.02013351]
 [ 0.95942938 -1.24000529]
 [-0.07842775  1.17208837]
 [-1.8512806  -0.10187667]
 [ 0.22351141 -1.62921954]
 [-1.39474203  1.3117578 ]
 [ 1.29049378  0.46782753]
 [ 0.17602025 -0.32691082]
 [-1.46495825 -0.9931132 ]
 [ 0.6669928   1.91393494]
 [ 1.58874292 -1.50809366]
 [-0.71256779 -1.55390943]
 [-0.97373678  1.67880912]
 [-0.63358231  0.82094219]
 [-0.92784168  0.12895794]
 [ 1.35638273 -0.71650492]
 [-0.49356088 -0.30959611]
 [ 0.98284775  0.94020299]
 [ 0.18601367  1.14539777]
 [-1.78389909  0.59731184]
 [ 0.06481186  0.1588997 ]
 [-0.48586731  0.98421816]]
[[-0.7077436   0.53172557]
 [ 0.60796877  1.07318523]
 [-0.60262778 -0.23345024]
 [ 1.43307432 -0.13809689]
 [-0.21512373  1.1183667 ]
 [ 0.95942938 -1.24000529]
 [-0.71256779 -1.55390943]
 [-1.8512806  -0.10187667]
 [-1.39474203  1.3117578 ]
 [ 0.20610515 -0.08714379]
 [ 1.21035929  0.66921359]
 [ 0.6669928   1.91393494]
 [ 1.58874292 -1.50809366]
 [-1.46495825 -0.9931132 ]
 [-0.89242254  0.29163312]
 [ 0.22351141 -1.62921954]
 [-0.97373678  1.67880912]
 [-0.58603179  0.86209378]
 [ 0.12045918  1.18371746]
 [-0.71231051 -0.29704695]
 [ 1.35638273 -0.71650492]
 [-1.78389909  0.59731184]
 [-0.79851542  0.25200645]
 [ 0.98284775  0.94020299]
 [-0.16906633 -0.23211282]]
[[-0.7077436   0.53172557]
 [ 0.566368    1.08761952]
 [-0.46305224 -0.32347804]
 [ 1.43307432 -0.13809689]
 [-0.21512373  1.1183667 ]
 [ 0.84532268 -1.32990622]
 [-0.86770763 -1.48958562]
 [-0.95351186 -0.01607615]
 [-1.39474203  1.3117578 ]
 [ 1.22481039  0.57085443]
 [ 0.01456389 -1.65307671]
 [-1.8512806  -0.10187667]
 [ 0.6669928   1.91393494]
 [ 1.58874292 -1.50809366]
 [-0.02932701 -0.34345858]
 [-1.78389909  0.59731184]
 [-1.46495825 -0.9931132 ]
 [-0.72127052  0.74493278]
 [ 1.35638273 -0.71650492]
 [-0.97373678  1.67880912]
 [ 0.13097049  1.1594979 ]
 [-0.19011189 -0.77660574]
 [ 0.86630642  0.96209305]
 [-0.64444246 -0.06316001]
 [ 0.20610515 -0.08714379]]
[[-0.74130355  0.35596034]
 [ 0.30345634  1.14151858]
 [-0.44631633 -0.46441176]
 [ 1.30788802  0.42364087]
 [ 1.19315422 -0.97887388]
 [-1.8512806  -0.10187667]
 [-0.36743012  1.06010539]
 [-0.86770763 -1.48958562]
 [-0.03941212 -1.6536513 ]
 [-1.39474203  1.3117578 ]
 [-1.58804159 -0.85061137]
 [ 0.6669928   1.91393494]
 [ 1.43307432 -0.13809689]
 [-0.02932701 -0.34345858]
 [ 1.58874292 -1.50809366]
 [ 0.86630642  0.96209305]
 [-0.74070883 -0.09288501]
 [-1.78389909  0.59731184]
 [-0.70851968  0.67351505]
 [-0.97373678  1.67880912]
 [-0.09132438  1.20536439]
 [-0.75099331  0.00956145]
 [ 0.84532268 -1.32990622]
 [-0.19011189 -0.77660574]
 [-0.55210138  0.82255142]]
[[-0.74130355  0.35596034]
 [ 0.49381139  1.11454418]
 [-0.6188983  -0.33346433]
 [ 1.32733658  0.37750094]
 [ 0.84532268 -1.32990622]
 [-0.36743012  1.06010539]
 [-1.79895249 -0.37576875]
 [-0.2923142  -1.64983727]
 [-1.39474203  1.3117578 ]
 [ 1.28572762 -0.79983225]
 [-0.02932701 -0.34345858]
 [ 0.6669928   1.91393494]
 [-1.58804159 -0.85061137]
 [ 1.58874292 -1.50809366]
 [ 1.02383436  0.82410862]
 [-1.78389909  0.59731184]
 [-0.88175598  0.23200001]
 [ 0.05851391  1.2524338 ]
 [-0.67720491  0.74806937]
 [-0.97373678  1.67880912]
 [-0.86770763 -1.48958562]
 [-0.74759846 -0.16226166]
 [-0.19011189 -0.77660574]
 [ 1.43307432 -0.13809689]
 [ 0.75978525  1.00723663]]
[[-0.74130355  0.35596034]
 [ 0.31254319  1.14799565]
 [ 1.4003688  -0.46188745]
 [-0.48240387 -0.51954048]
 [ 0.90096998  0.91848838]
 [ 0.31819723 -1.59847043]
 [-0.38416182  1.10909517]
 [-1.79895249 -0.37576875]
 [-1.39474203  1.3117578 ]
 [ 1.24821484 -0.87336172]
 [-0.86770763 -1.48958562]
 [-0.18625292  1.97271389]
 [ 0.24548788 -0.56900171]
 [ 1.39952582  0.17014915]
 [ 0.6669928   1.91393494]
 [ 1.58874292 -1.50809366]
 [-1.78389909  0.59731184]
 [-0.7062221  -0.00436971]
 [-0.75682503  0.75580274]
 [-1.58804159 -0.85061137]
 [ 0.0449122   1.1320165 ]
 [-0.97326814  0.09071227]
 [-0.48185013 -0.1782547 ]
 [ 1.02383436  0.82410862]
 [-0.2923142  -1.64983727]]
[[-0.73282501  0.44760404]
 [ 0.77605429  1.00164495]
 [-0.57532932 -0.25072022]
 [ 1.44845219 -0.17143779]
 [-0.12168942  1.17364936]
 [ 0.31819723 -1.59847043]
 [-1.58804159 -0.85061137]
 [ 1.24821484 -0.87336172]
 [-1.39474203  1.3117578 ]
 [-0.86770763 -1.48958562]
 [ 0.6669928   1.91393494]
 [ 1.24256286  0.62792873]
 [-1.78389909  0.59731184]
 [ 0.24548788 -0.56900171]
 [ 1.58874292 -1.50809366]
 [-0.18625292  1.97271389]
 [-0.97326814  0.09071227]
 [-0.59775117  0.8476956 ]
 [ 0.30765246  1.1431652 ]
 [-0.2923142  -1.64983727]
 [-0.5899131  -0.60125306]
 [-0.59032655 -0.05338912]
 [ 0.9228183   0.93724076]
 [-1.79895249 -0.37576875]
 [-0.75682503  0.75580274]]
[[-0.69917785  0.59501067]
 [ 0.30765246  1.1431652 ]
 [-0.57532932 -0.25072022]
 [ 1.44420496 -0.02235085]
 [ 0.87317943 -1.31107474]
 [-0.57371292 -1.64110337]
 [ 0.9228183   0.93724076]
 [-1.79895249 -0.37576875]
 [-0.44361752  1.10079875]
 [ 0.10526205 -0.59417655]
 [ 0.6669928   1.91393494]
 [-1.78389909  0.59731184]
 [ 1.2658137  -0.86901297]
 [ 1.58874292 -1.50809366]
 [-1.39474203  1.3117578 ]
 [-0.18625292  1.97271389]
 [-0.97326814  0.09071227]
 [-1.58804159 -0.85061137]
 [ 0.31819723 -1.59847043]
 [-0.62543533  0.72391996]
 [ 1.24256286  0.62792873]
 [-0.48439043 -0.13534226]
 [ 0.07905708  1.19378844]
 [-0.5899131  -0.60125306]
 [ 0.51574421  1.12601611]]
[[-0.73876578  0.38493716]
 [ 0.7013051   1.03980922]
 [-0.34973238 -0.47432892]
 [ 0.97927706 -1.2278137 ]
 [-0.16906259  1.17239525]
 [ 1.39243877  0.17472345]
 [-0.54131055 -1.62731056]
 [-1.79895249 -0.37576875]
 [-1.39474203  1.3117578 ]
 [ 0.41375518 -1.57563586]
 [ 0.6669928   1.91393494]
 [-0.78117485 -0.27767023]
 [ 1.16112042  0.71542547]
 [ 1.58874292 -1.50809366]
 [-1.78389909  0.59731184]
 [-0.68500524  0.72479562]
 [-0.18625292  1.97271389]
 [ 1.37483522 -0.61662364]
 [-0.28584289 -0.17373258]
 [-1.58804159 -0.85061137]
 [-0.95000402  0.13468518]
 [ 0.2040183   1.1447818 ]
 [-0.70879096  0.80517835]
 [ 0.10526205 -0.59417655]
 [ 1.02980136  0.88022878]]
[[-0.67030783  0.62525363]
 [ 0.49689902  1.1089904 ]
 [-0.40658706 -0.2401653 ]
 [ 1.42103638  0.08459657]
 [ 0.97927706 -1.2278137 ]
 [-0.95000402  0.13468518]
 [-0.16906259  1.17239525]
 [-0.54131055 -1.62731056]
 [-1.39474203  1.3117578 ]
 [-1.79895249 -0.37576875]
 [ 1.16112042  0.71542547]
 [ 0.6669928   1.91393494]
 [ 0.10526205 -0.59417655]
 [ 1.58874292 -1.50809366]
 [-1.78389909  0.59731184]
 [ 1.37483522 -0.61662364]
 [-0.18625292  1.97271389]
 [ 0.41375518 -1.57563586]
 [-0.5534891   0.82414939]
 [-1.58804159 -0.85061137]
 [-0.78117485 -0.27767023]
 [-0.10437877 -0.19242013]
 [ 0.25352761  1.14520137]
 [-0.81659853  0.4024444 ]
 [-0.45985226  1.09334142]]
[[-0.67030783  0.62525363]
 [ 0.25352761  1.14520137]
 [-0.53453298 -0.2681122 ]
 [ 1.41616662 -0.37346441]
 [ 1.10275575  0.73781263]
 [ 0.92369271 -1.30216085]
 [-0.96155838  0.14996686]
 [-0.48016375  1.2582493 ]
 [-1.58804159 -0.85061137]
 [-0.54131055 -1.62731056]
 [-1.78389909  0.59731184]
 [ 0.6669928   1.91393494]
 [ 1.58874292 -1.50809366]
 [ 0.10526205 -0.59417655]
 [-1.39474203  1.3117578 ]
 [-0.18625292  1.97271389]
 [ 1.39026371  0.21957687]
 [-0.10931858  1.09897707]
 [ 0.41375518 -1.57563586]
 [-0.70764265  0.52862019]
 [ 0.64982125  1.10019757]
 [-1.79895249 -0.37576875]
 [-0.40658706 -0.2401653 ]
 [-0.40455987 -0.70919072]
 [ 1.3099037  -0.843189  ]]
[[-0.67030783  0.62525363]
 [ 0.25352761  1.14520137]
 [-0.61016607 -0.28949785]
 [ 1.39026371  0.21957687]
 [ 0.92369271 -1.30216085]
 [-1.78144716  0.56647054]
 [-0.48016375  1.2582493 ]
 [-0.54131055 -1.62731056]
 [-1.58804159 -0.85061137]
 [ 0.95008697  1.00423102]
 [ 0.6669928   1.91393494]
 [ 0.48482988 -2.18154739]
 [ 1.58874292 -1.50809366]
 [-0.96155838  0.14996686]
 [-1.39474203  1.3117578 ]
 [ 1.41616662 -0.37346441]
 [ 0.10526205 -0.59417655]
 [-0.18625292  1.97271389]
 [-0.53562633  0.82486972]
 [-1.79895249 -0.37576875]
 [-0.54593223 -0.17341075]
 [ 0.16477082  1.17447591]
 [-0.69688586  0.56289961]
 [ 0.41375518 -1.57563586]
 [-0.69331309 -0.42561787]]
[[-0.54932036  0.80776515]
 [-0.75102109 -0.01247559]
 [ 0.94049443  0.88616961]
 [ 1.41822606 -0.4486681 ]
 [ 0.16477082  1.17447591]
 [ 0.41375518 -1.57563586]
 [-1.58804159 -0.85061137]
 [-0.22376205 -0.38021061]
 [-1.78144716  0.56647054]
 [ 1.09790919 -1.10624951]
 [-0.18625292  1.97271389]
 [ 1.38810177  0.29134256]
 [-0.54131055 -1.62731056]
 [ 0.6669928   1.91393494]
 [ 1.58874292 -1.50809366]
 [-1.39474203  1.3117578 ]
 [ 0.48482988 -2.18154739]
 [-0.82377675  0.47139545]
 [-0.2993927   1.06515934]
 [-0.69331309 -0.42561787]
 [-1.79895249 -0.37576875]
 [ 0.35547766  1.14590438]
 [-0.75772815  0.31559042]
 [-0.61509519  0.89072104]
 [-1.4064598  -1.13469751]]
[[-0.75772815  0.31559042]
 [ 0.35547766  1.14590438]
 [-0.60991033 -0.27067181]
 [ 1.43108493 -0.25917664]
 [-0.30903169  1.08083423]
 [ 0.59860095 -1.48648485]
 [-1.58804159 -0.85061137]
 [ 1.06992745  0.78646227]
 [-1.39474203  1.3117578 ]
 [ 1.09790919 -1.10624951]
 [ 0.6669928   1.91393494]
 [-0.54131055 -1.62731056]
 [-0.22376205 -0.38021061]
 [-1.78144716  0.56647054]
 [ 0.48482988 -2.18154739]
 [-0.18625292  1.97271389]
 [ 1.58874292 -1.50809366]
 [-0.6951014   0.77115798]
 [-0.96503659 -0.25982986]
 [ 1.44561735  0.22985191]
 [-1.79895249 -0.37576875]
 [ 0.84201657  1.03858   ]
 [-0.25119604  1.04109435]
 [-0.45949448 -0.78824383]
 [-0.73724604  0.20396423]]
[[-0.65802643  0.66423334]
 [ 0.97345053  0.87152992]
 [-0.62458045 -0.19675875]
 [ 1.37521144 -0.56854616]
 [ 0.11679878  1.17051369]
 [ 0.59860095 -1.48648485]
 [-1.79895249 -0.37576875]
 [ 1.35545993  0.32715146]
 [-0.45949448 -0.78824383]
 [-1.39474203  1.3117578 ]
 [ 0.6669928   1.91393494]
 [ 0.04059417 -0.36515087]
 [ 1.58874292 -1.50809366]
 [-1.78144716  0.56647054]
 [ 0.48482988 -2.18154739]
 [-0.18625292  1.97271389]
 [-0.54131055 -1.62731056]
 [-0.44892968  0.99968901]
 [-0.92926142  0.15601352]
 [-1.58804159 -0.85061137]
 [ 0.5617085   1.10957051]
 [ 1.16343916 -1.0093417 ]
 [ 1.4541602  -0.19785036]
 [-0.71470388  0.502116  ]
 [ 1.14661419  0.71682658]]
[[-0.71470388  0.502116  ]
 [ 0.46277682  1.11736808]
 [-0.5577896  -0.19564674]
 [ 1.43251008 -0.20936364]
 [-0.24530975  1.12405614]
 [ 0.59860095 -1.48648485]
 [-1.58804159 -0.85061137]
 [ 1.21884836  0.60214793]
 [ 0.19126392 -0.28716471]
 [-1.78144716  0.56647054]
 [-0.54131055 -1.62731056]
 [ 0.6669928   1.91393494]
 [ 1.58874292 -1.50809366]
 [-1.39474203  1.3117578 ]
 [ 0.48482988 -2.18154739]
 [-0.18625292  1.97271389]
 [-0.92926142  0.15601352]
 [ 1.21174806 -0.92532617]
 [-0.57057048  0.86377904]
 [-0.45949448 -0.78824383]
 [ 0.78656395  1.03637599]
 [-1.79895249 -0.37576875]
 [-0.04600045  1.11870073]
 [-0.71728315  0.02408071]
 [-0.73751923  0.75814492]]
[[-0.63251627  0.69186602]
 [ 0.43399898  1.15407005]
 [-0.55981752 -0.27786235]
 [ 1.30936399 -0.74594958]
 [ 1.06883597  0.76765539]
 [ 0.26114399 -1.61212763]
 [-0.9482703   0.13052837]
 [-0.37715839  1.12746177]
 [-1.58804159 -0.85061137]
 [-1.39474203  1.3117578 ]
 [ 1.58874292 -1.50809366]
 [ 0.6669928   1.91393494]
 [-0.01784038 -0.45971574]
 [ 1.4199676   0.03906598]
 [-0.54131055 -1.62731056]
 [-1.78144716  0.56647054]
 [ 0.48482988 -2.18154739]
 [-0.18625292  1.97271389]
 [-0.02534646  1.11855124]
 [-0.73510608  0.41449271]
 [-0.5715697  -0.42122564]
 [-1.79895249 -0.37576875]
 [ 0.99734409 -1.209102  ]
 [-0.44479741 -0.12030218]
 [ 0.78656395  1.03637599]]
[[-0.73510608  0.41449271]
 [ 0.7175119   1.02631505]
 [ 1.35487374 -0.62753049]
 [-0.55981752 -0.27786235]
 [-0.01317911  1.20067885]
 [ 1.42252819  0.1104361 ]
 [ 0.26114399 -1.61212763]
 [-1.79895249 -0.37576875]
 [-1.39474203  1.3117578 ]
 [-0.18625292  1.97271389]
 [ 1.58874292 -1.50809366]
 [-0.01784038 -0.45971574]
 [-1.83673194  0.19885423]
 [-0.54131055 -1.62731056]
 [ 0.6669928   1.91393494]
 [ 1.24197055  0.67929233]
 [-0.57752707  0.85256118]
 [ 0.48482988 -2.18154739]
 [-0.9482703   0.13052837]
 [ 0.99734409 -1.209102  ]
 [-1.58804159 -0.85061137]
 [-0.6720214   0.61892145]
 [ 0.06513893  1.1385298 ]
 [-0.53658404 -0.10814161]
 [-0.5715697  -0.42122564]]
[[ 0.73173116 -0.46041131]
 [-0.45868677 -1.11719005]
 [ 0.15879256  0.6389088 ]
 [-1.38720056 -0.23272944]
 [ 0.29005017 -1.18179828]
 [-0.52734036  1.53072968]
 [ 1.24197055  0.67929233]
 [ 0.11725627  1.66149919]
 [ 1.35487374 -0.62753049]
 [-0.9482703   0.13052837]
 [ 0.48482988 -2.18154739]
 [-1.83673194  0.19885423]
 [ 0.71319313  0.04575542]
 [ 1.58874292 -1.50809366]
 [-1.58804159 -0.85061137]
 [-1.39474203  1.3117578 ]
 [-0.01784038 -0.45971574]
 [ 1.83397769 -0.24305847]
 [ 0.6669928   1.91393494]
 [-0.54131055 -1.62731056]
 [-0.9621457  -0.87414719]
 [-0.57752707  0.85256118]
 [ 0.64371002 -0.87984121]
 [-0.18625292  1.97271389]
 [ 0.81228411 -0.08083959]]
[[ 0.69739524 -0.56563831]
 [-0.30900463 -1.14241619]
 [ 0.46091551  0.28682569]
 [-1.43751109  0.10990266]
 [-0.3821858   1.57364874]
 [-1.02301795 -0.89749436]
 [ 0.92034182 -0.12233098]
 [ 0.11725627  1.66149919]
 [ 0.6253645  -0.99280255]
 [-1.26202658  0.87602758]
 [ 1.58874292 -1.50809366]
 [ 0.48482988 -2.18154739]
 [ 0.86729218  1.48327088]
 [ 1.83397769 -0.24305847]
 [-0.9482703   0.13052837]
 [-0.54131055 -1.62731056]
 [ 0.15879256  0.6389088 ]
 [ 1.24197055  0.67929233]
 [-1.58804159 -0.85061137]
 [ 0.10591955 -1.09909817]
 [-1.39474203  1.3117578 ]
 [-0.01784038 -0.45971574]
 [-1.83673194  0.19885423]
 [-0.18625292  1.97271389]
 [ 0.83962308 -0.41462318]]
[[ 0.72736677 -0.44481037]
 [-0.2512355  -1.14417469]
 [ 0.3099163   0.42337752]
 [-1.44376585 -0.01601355]
 [-0.3821858   1.57364874]
 [ 0.29448613 -1.11109914]
 [-1.26202658  0.87602758]
 [ 1.24197055  0.67929233]
 [ 1.58874292 -1.50809366]
 [-1.33269429 -0.60053769]
 [ 0.86729218  1.48327088]
 [ 0.48482988 -2.18154739]
 [-0.38117834  0.42373947]
 [ 1.83397769 -0.24305847]
 [-0.54131055 -1.62731056]
 [ 0.75336564 -0.07885733]
 [ 0.16077651  1.67454924]
 [-1.83673194  0.19885423]
 [ 0.64140553 -0.7428227 ]
 [-0.01784038 -0.45971574]
 [-1.39474203  1.3117578 ]
 [-0.94121705 -0.88449287]
 [-1.58804159 -0.85061137]
 [-0.18625292  1.97271389]
 [ 0.4696845   0.36960895]]
[[ 0.72736677 -0.44481037]
 [-0.70006503 -1.03644366]
 [ 0.54921081  0.34593573]
 [-1.44376585 -0.01601355]
 [ 0.29448613 -1.11109914]
 [ 0.12659955  1.66626036]
 [-1.26202658  0.87602758]
 [ 1.24197055  0.67929233]
 [ 0.97941746 -1.67503404]
 [ 0.95395514  1.43869497]
 [-1.33269429 -0.60053769]
 [-0.38117834  0.42373947]
 [ 0.48482988 -2.18154739]
 [ 1.83397769 -0.24305847]
 [-0.54131055 -1.62731056]
 [ 0.84769111 -0.19647637]
 [-0.18625292  1.97271389]
 [ 1.58874292 -1.50809366]
 [-1.83673194  0.19885423]
 [-0.10816274 -1.14586214]
 [ 0.64411006 -0.83087847]
 [-1.39474203  1.3117578 ]
 [-1.58804159 -0.85061137]
 [-0.01784038 -0.45971574]
 [-0.3821858   1.57364874]]
[[ 0.73929829 -0.32561468]
 [-0.49012944 -1.1097    ]
 [ 0.54921081  0.34593573]
 [-1.42487183  0.0137742 ]
 [-0.16481398  1.6403941 ]
 [ 0.31658866 -1.10606977]
 [-1.26202658  0.87602758]
 [ 1.24197055  0.67929233]
 [ 0.97941746 -1.67503404]
 [-1.09413457 -0.86827198]
 [ 0.54369063  1.63589898]
 [ 1.83397769 -0.24305847]
 [ 0.48482988 -2.18154739]
 [-0.38117834  0.42373947]
 [-0.54131055 -1.62731056]
 [ 0.70028614 -0.65293582]
 [ 1.58874292 -1.50809366]
 [-1.58804159 -0.85061137]
 [ 0.84011    -0.01996379]
 [-0.01784038 -0.45971574]
 [-1.83673194  0.19885423]
 [-1.39474203  1.3117578 ]
 [-0.18625292  1.97271389]
 [ 1.70704967  0.5997292 ]
 [-0.08437363 -1.20246969]]
[[ 0.29104363 -1.01758985]
 [ 0.84011    -0.01996379]
 [-0.95267456 -0.88143214]
 [-1.4110363   0.40593472]
 [ 0.57296715  0.70182848]
 [-0.36387028 -1.17645807]
 [ 1.24197055  0.67929233]
 [-0.16481398  1.6403941 ]
 [ 0.97941746 -1.67503404]
 [ 1.83397769 -0.24305847]
 [-1.26202658  0.87602758]
 [-0.38117834  0.42373947]
 [ 0.74914592 -0.65311982]
 [ 0.91847968  1.45588426]
 [ 0.48482988 -2.18154739]
 [-1.58804159 -0.85061137]
 [-0.54131055 -1.62731056]
 [ 1.58874292 -1.50809366]
 [ 0.61517366  0.03385932]
 [-1.36907363 -0.33463103]
 [ 0.0758493  -1.1194906 ]
 [-1.83673194  0.19885423]
 [-1.39474203  1.3117578 ]
 [ 1.70704967  0.5997292 ]
 [-0.18625292  1.97271389]]
[[ 0.61342878 -0.72191343]
 [-0.4516831  -1.11903011]
 [ 0.65144492  0.23715249]
 [-1.13098076  1.05156521]
 [-1.36907363 -0.33463103]
 [-0.16481398  1.6403941 ]
 [ 0.24138693 -1.14744226]
 [ 1.70704967  0.5997292 ]
 [ 0.97941746 -1.67503404]
 [ 0.94231461 -0.12335975]
 [ 0.91847968  1.45588426]
 [-1.4110363   0.40593472]
 [-0.38117834  0.42373947]
 [ 0.48482988 -2.18154739]
 [ 1.83397769 -0.24305847]
 [-1.02432964 -0.89593848]
 [-0.54131055 -1.62731056]
 [ 1.58874292 -1.50809366]
 [-1.83673194  0.19885423]
 [ 0.57296715  0.70182848]
 [-0.81927016  1.38665437]
 [ 0.74914592 -0.65311982]
 [-1.58804159 -0.85061137]
 [-1.39474203  1.3117578 ]
 [ 0.61517366  0.03385932]]
[[ 0.73867838 -0.37740514]
 [-0.96339011 -0.86703882]
 [-1.40594375  0.4325707 ]
 [ 0.4446104  -0.99206496]
 [ 0.52361864  0.27783706]
 [-0.95653176  1.23438538]
 [ 1.81751081  0.1676511 ]
 [-0.40432801 -1.17465327]
 [ 0.97941746 -1.67503404]
 [ 0.91847968  1.45588426]
 [-1.36907363 -0.33463103]
 [-0.38117834  0.42373947]
 [ 0.48482988 -2.18154739]
 [-0.16481398  1.6403941 ]
 [ 1.58874292 -1.50809366]
 [ 0.92664292 -0.44231727]
 [-1.58804159 -0.85061137]
 [ 1.70704967  0.5997292 ]
 [-0.54131055 -1.62731056]
 [-1.39474203  1.3117578 ]
 [-1.83673194  0.19885423]
 [ 0.79695226  0.19493361]
 [ 0.25330424 -1.08558537]
 [ 0.48319643  0.00674739]
 [ 0.57296715  0.70182848]]
[[ 0.67170709 -0.61806095]
 [-0.53033802 -1.10091912]
 [ 0.55698686  0.27026197]
 [-1.17402008  0.98858445]
 [-1.39137066 -0.18470788]
 [-0.16481398  1.6403941 ]
 [ 1.70704967  0.5997292 ]
 [ 0.45560011 -1.09453944]
 [ 0.97941746 -1.67503404]
 [-0.38117834  0.42373947]
 [ 0.91847968  1.45588426]
 [-1.0849451  -0.82792669]
 [ 0.48482988 -2.18154739]
 [ 0.93710984 -0.38356959]
 [-0.76753556  1.39212632]
 [-0.54131055 -1.62731056]
 [-1.83673194  0.19885423]
 [ 1.58874292 -1.50809366]
 [ 0.05111278 -1.11381425]
 [-1.58804159 -0.85061137]
 [ 0.67940841 -0.03019268]
 [ 1.81751081  0.1676511 ]
 [-1.39474203  1.3117578 ]
 [ 0.57296715  0.70182848]
 [-1.40594375  0.4325707 ]]
[[ 0.72065933 -0.47479518]
 [-0.50757688 -1.10995753]
 [-1.34569491  0.65167909]
 [ 0.61584275  0.20231644]
 [-1.35694371 -0.38052704]
 [ 0.46755552 -1.20877878]
 [-0.76753556  1.39212632]
 [ 1.81751081  0.1676511 ]
 [ 1.58874292 -1.50809366]
 [ 0.91847968  1.45588426]
 [ 0.06947942  0.23777243]
 [ 0.48482988 -2.18154739]
 [-1.0849451  -0.82792669]
 [-1.39474203  1.3117578 ]
 [-1.83673194  0.19885423]
 [ 0.93710984 -0.38356959]
 [-0.54131055 -1.62731056]
 [ 0.21317477 -1.06244441]
 [-0.16481398  1.6403941 ]
 [ 0.81238435  0.17586264]
 [-1.58804159 -0.85061137]
 [ 1.70704967  0.5997292 ]
 [ 0.57296715  0.70182848]
 [ 0.64816516 -0.71858258]
 [-0.10810077 -1.15198825]]
[[ 0.72065933 -0.47479518]
 [-1.20298288 -0.60578678]
 [ 0.63097412  0.24553148]
 [-0.00850823 -1.17273784]
 [-1.32444015  0.71829671]
 [ 1.81751081  0.1676511 ]
 [-0.76753556  1.39212632]
 [ 0.46755552 -1.20877878]
 [-0.03192157  0.27513208]
 [ 0.91847968  1.45588426]
 [ 1.58874292 -1.50809366]
 [-1.42662353 -0.1524818 ]
 [ 0.48482988 -2.18154739]
 [-0.54131055 -1.62731056]
 [ 1.61466955  0.77723342]
 [-1.58804159 -0.85061137]
 [-1.39474203  1.3117578 ]
 [ 0.91250406 -0.25350133]
 [-0.69732634 -1.03625908]
 [-1.83673194  0.19885423]
 [ 0.57296715  0.70182848]
 [-0.16481398  1.6403941 ]
 [ 0.51777058 -0.85021655]
 [ 1.89713199 -0.40148845]
 [ 0.68621236  0.04962067]]
[[ 0.71143371 -0.50994654]
 [-0.43784361 -1.12447128]
 [-1.45512372 -0.03209685]
 [ 0.63097412  0.24553148]
 [-1.21993895  0.9157877 ]
 [ 0.27204899 -1.16896242]
 [ 1.81751081  0.1676511 ]
 [-0.16481398  1.6403941 ]
 [-1.04823262 -0.82531028]
 [-0.03192157  0.27513208]
 [ 1.58874292 -1.50809366]
 [ 0.91847968  1.45588426]
 [ 0.48482988 -2.18154739]
 [ 1.89713199 -0.40148845]
 [-0.54131055 -1.62731056]
 [ 0.91250406 -0.25350133]
 [-1.58804159 -0.85061137]
 [-1.83673194  0.19885423]
 [-1.39474203  1.3117578 ]
 [ 0.54840647 -0.84773818]
 [ 1.61466955  0.77723342]
 [ 0.57296715  0.70182848]
 [-0.10434321 -1.14543369]
 [-0.76753556  1.39212632]
 [ 0.7633669   0.10549086]]
[[ 0.71143371 -0.50994654]
 [-0.47920196 -1.11407485]
 [ 0.53515657  0.31458857]
 [-1.43816337  0.27146611]
 [-0.94796351  1.2422957 ]
 [ 0.27204899 -1.16896242]
 [ 1.79556866  0.3013442 ]
 [-1.06907512 -0.83973345]
 [ 0.91847968  1.45588426]
 [ 1.58874292 -1.50809366]
 [-0.03192157  0.27513208]
 [ 0.48482988 -2.18154739]
 [-0.16481398  1.6403941 ]
 [ 1.89713199 -0.40148845]
 [-0.54131055 -1.62731056]
 [ 0.81862739  0.01480456]
 [-1.58804159 -0.85061137]
 [-1.39474203  1.3117578 ]
 [ 0.73806584 -0.74841967]
 [ 0.42773513  0.64845837]
 [-1.39125495 -0.17787791]
 [-1.83673194  0.19885423]
 [ 0.08411412 -1.11640133]
 [ 1.61466955  0.77723342]
 [ 0.65891743 -0.01822044]]
[[ 0.63086508 -0.69399958]
 [-0.75606828 -1.01211332]
 [ 0.68702712  0.22122202]
 [-1.43022255  0.27731859]
 [-0.94796351  1.2422957 ]
 [-0.00902559 -1.16732454]
 [ 1.79556866  0.3013442 ]
 [ 0.91847968  1.45588426]
 [ 1.58874292 -1.50809366]
 [-1.3473457  -0.37478864]
 [ 0.48482988 -2.18154739]
 [-0.03192157  0.27513208]
 [-0.16481398  1.6403941 ]
 [ 0.85564294 -0.26497602]
 [ 1.89713199 -0.40148845]
 [-0.54131055 -1.62731056]
 [ 0.56604706 -1.03226107]
 [-1.58804159 -0.85061137]
 [-1.39474203  1.3117578 ]
 [ 0.44634689  0.63965378]
 [-1.83673194  0.19885423]
 [-0.82377944 -0.96729033]
 [ 0.08411412 -1.11640133]
 [ 0.78224721 -0.05303641]
 [ 1.61466955  0.77723342]]
[[ 0.63086508 -0.69399958]
 [-0.70952289 -1.0300257 ]
 [ 0.62755478  0.21793999]
 [-1.38796306  0.53526851]
 [-0.73528246  1.43928777]
 [ 0.00563198 -1.19560665]
 [ 1.79556866  0.3013442 ]
 [-1.3473457  -0.37478864]
 [ 0.91847968  1.45588426]
 [-0.03192157  0.27513208]
 [ 1.58874292 -1.50809366]
 [-1.57678242 -1.34866433]
 [ 0.48482988 -2.18154739]
 [-0.16481398  1.6403941 ]
 [ 1.89713199 -0.40148845]
 [ 0.84273748 -0.22473179]
 [ 0.51711782 -0.9451711 ]
 [-1.83673194  0.19885423]
 [-1.39474203  1.3117578 ]
 [-0.54131055 -1.62731056]
 [ 0.44634689  0.63965378]
 [ 0.08411412 -1.11640133]
 [-0.82377944 -0.96729033]
 [ 0.79240679  0.07762813]
 [ 1.61466955  0.77723342]]
[[ 0.74334696 -0.29808796]
 [-0.31650845 -1.14321616]
 [-1.4537447  -0.00894952]
 [ 0.65177954  0.24457202]
 [-1.1195191   1.06068934]
 [ 0.24706299 -1.13593259]
 [ 1.79556866  0.3013442 ]
 [ 0.31846237  1.64513392]
 [-1.11304751 -0.76971613]
 [ 1.58874292 -1.50809366]
 [ 0.01931868 -0.05498344]
 [ 0.48482988 -2.18154739]
 [ 0.91847968  1.45588426]
 [-1.57678242 -1.34866433]
 [ 0.81598059 -0.55865913]
 [ 1.89713199 -0.40148845]
 [-0.73528246  1.43928777]
 [-0.54131055 -1.62731056]
 [-1.39474203  1.3117578 ]
 [ 0.44634689  0.63965378]
 [ 0.90882945  0.08980242]
 [-1.83673194  0.19885423]
 [ 0.51711782 -0.9451711 ]
 [-0.66551185 -1.05073566]
 [-1.37806264 -0.44380823]]
[[ 0.68297647 -0.62289453]
 [-0.17110557 -1.14805148]
 [ 0.53884682  0.2041478 ]
 [-1.31921142 -0.3891332 ]
 [-1.10354947  1.087203  ]
 [ 0.96073472 -0.24781419]
 [ 0.31846237  1.64513392]
 [-0.7743049  -1.09619735]
 [ 1.58874292 -1.50809366]
 [ 0.48482988 -2.18154739]
 [ 1.79556866  0.3013442 ]
 [-0.50075965  1.53402396]
 [ 0.3810868  -1.06366625]
 [-1.83673194  0.19885423]
 [-1.57678242 -1.34866433]
 [ 0.21043403  0.32888054]
 [ 1.89713199 -0.40148845]
 [ 0.91847968  1.45588426]
 [-0.54131055 -1.62731056]
 [ 0.44634689  0.63965378]
 [-1.39474203  1.3117578 ]
 [ 0.52985733 -0.84111186]
 [ 0.81103714  0.13565412]
 [-1.42448972  0.31481317]
 [ 0.06749995 -1.11988115]]
[[ 0.66199272 -0.66135422]
 [-0.55704053 -1.09067016]
 [ 0.63074466  0.20821021]
 [-1.42975773  0.30936547]
 [ 0.0700382  -1.15417669]
 [-0.66235932  1.45655502]
 [ 1.04311516 -0.03804751]
 [-1.29939001 -0.57969374]
 [ 0.91847968  1.45588426]
 [ 1.58874292 -1.50809366]
 [ 0.48482988 -2.18154739]
 [-1.57678242 -1.34866433]
 [ 0.11525501  0.38274272]
 [ 1.79556866  0.3013442 ]
 [-1.39474203  1.3117578 ]
 [ 1.89713199 -0.40148845]
 [-1.83673194  0.19885423]
 [ 0.52305868 -1.01060633]
 [-0.54131055 -1.62731056]
 [ 0.31846237  1.64513392]
 [ 0.73505381 -0.3936481 ]
 [-0.89347576 -0.92096965]
 [ 0.52331394  0.50041671]
 [ 0.04626542 -1.11607642]
 [-1.29572142  0.77192817]]
[[ 0.67596804 -0.61818214]
 [-1.0216512  -0.81520717]
 [ 0.66515667  0.10868074]
 [-0.07847347 -1.18277326]
 [-1.37587564  0.6508368 ]
 [ 0.31846237  1.64513392]
 [ 1.04311516 -0.03804751]
 [-1.43982806  0.13575407]
 [ 1.58874292 -1.50809366]
 [-0.66235932  1.45655502]
 [ 0.48482988 -2.18154739]
 [ 0.11525501  0.38274272]
 [-1.57678242 -1.34866433]
 [ 1.79556866  0.3013442 ]
 [ 0.91847968  1.45588426]
 [ 0.52305868 -1.01060633]
 [-0.54131055 -1.62731056]
 [ 1.89713199 -0.40148845]
 [-1.39474203  1.3117578 ]
 [-1.34916879 -0.4101127 ]
 [-1.83673194  0.19885423]
 [ 0.73419583 -0.45179587]
 [-0.07094006 -1.13555384]
 [ 0.52331394  0.50041671]
 [-0.76391836 -1.01828816]]
[[ 0.72331885 -0.49377129]
 [-0.25169173 -1.14462727]
 [ 0.36659059  0.46130239]
 [-1.416594   -0.05276615]
 [ 0.39143825 -1.02389008]
 [-0.66235932  1.45655502]
 [ 0.74160109  1.56775427]
 [ 1.04311516 -0.03804751]
 [-1.06831654 -0.78007002]
 [ 1.58874292 -1.50809366]
 [ 0.48482988 -2.18154739]
 [-1.39474203  1.3117578 ]
 [ 1.89713199 -0.40148845]
 [-1.57678242 -1.34866433]
 [-0.0220409   0.210742  ]
 [ 1.79556866  0.3013442 ]
 [-0.54131055 -1.62731056]
 [-1.37587564  0.6508368 ]
 [ 0.67554392  0.03555177]
 [-1.83673194  0.19885423]
 [ 0.82179119 -0.71092749]
 [ 0.31846237  1.64513392]
 [ 0.15576272 -1.09969607]
 [-0.53463944 -1.09741806]
 [ 0.73915519 -0.30108753]]
[[ 0.72331885 -0.49377129]
 [-0.91809781 -0.90400173]
 [ 0.65316047  0.3263619 ]
 [-1.43899817  0.01477293]
 [ 0.19537222 -1.13057182]
 [ 1.5166683   0.92695295]
 [-0.66235932  1.45655502]
 [ 0.74160109  1.56775427]
 [ 1.58874292 -1.50809366]
 [-1.40764105  0.66193817]
 [-0.0220409   0.210742  ]
 [ 1.89713199 -0.40148845]
 [ 0.48482988 -2.18154739]
 [-0.48004944 -1.16102631]
 [-1.57678242 -1.34866433]
 [ 0.6345615  -0.9343407 ]
 [ 0.87536099 -0.10687741]
 [-1.28085877 -0.52183274]
 [-1.39474203  1.3117578 ]
 [-1.83673194  0.19885423]
 [-0.54131055 -1.62731056]
 [ 1.79556866  0.3013442 ]
 [ 0.36659059  0.46130239]
 [ 0.12044499 -1.09425555]
 [ 0.7039723  -0.0907746 ]]
[[ 0.63831559 -0.6826602 ]
 [-0.91809781 -0.90400173]
 [ 0.63662379  0.24425582]
 [-1.44989942  0.27880837]
 [-0.02607217 -1.17961339]
 [-0.80895771  1.35658498]
 [ 1.79556866  0.3013442 ]
 [ 0.74160109  1.56775427]
 [ 1.58874292 -1.50809366]
 [-0.0220409   0.210742  ]
 [-1.34077891 -0.38859313]
 [ 0.48482988 -2.18154739]
 [-1.57678242 -1.34866433]
 [ 0.90766737 -0.17116233]
 [ 1.5166683   0.92695295]
 [-1.39474203  1.3117578 ]
 [-0.54131055 -1.62731056]
 [ 0.6345615  -0.9343407 ]
 [ 1.89713199 -0.40148845]
 [-1.83673194  0.19885423]
 [-0.47967599  1.53897384]
 [ 0.36659059  0.46130239]
 [-0.23799393 -1.15852966]
 [-1.30382074  0.75192748]
 [ 0.72184306 -0.16947956]]
[[ 0.68630701 -0.5925487 ]
 [-1.24103838 -0.55470973]
 [ 0.71369806  0.15232385]
 [-1.30382074  0.75192748]
 [-0.11153682 -1.15028089]
 [ 0.85527262  1.54623432]
 [ 1.79556866  0.3013442 ]
 [-0.80895771  1.35658498]
 [-0.71045185 -1.10310357]
 [ 1.58874292 -1.50809366]
 [-0.0220409   0.210742  ]
 [ 0.48482988 -2.18154739]
 [-1.42922582  0.06146414]
 [-1.57678242 -1.34866433]
 [ 0.40056715 -1.06675536]
 [ 1.89713199 -0.40148845]
 [ 0.84453099 -0.34963553]
 [-1.39474203  1.3117578 ]
 [-1.83673194  0.19885423]
 [ 1.5166683   0.92695295]
 [-0.54131055 -1.62731056]
 [ 0.50395253  0.41340378]
 [ 0.66457014 -0.90269056]
 [ 0.83648566 -0.22810047]
 [-0.47967599  1.53897384]]
[[ 0.68630701 -0.5925487 ]
 [-0.53769226 -1.09707056]
 [ 0.60633178  0.21366164]
 [-1.41150632 -0.12156674]
 [-0.80895771  1.35658498]
 [ 0.19591289 -1.145337  ]
 [ 1.45196622  1.00858522]
 [ 1.89713199 -0.40148845]
 [-0.06209109  1.65293698]
 [ 0.48482988 -2.18154739]
 [-1.2881924  -0.56738605]
 [-0.0220409   0.210742  ]
 [ 1.58874292 -1.50809366]
 [-1.57678242 -1.34866433]
 [-1.30382074  0.75192748]
 [ 0.85527262  1.54623432]
 [ 0.906436   -0.26626655]
 [-0.54131055 -1.62731056]
 [-1.83673194  0.19885423]
 [ 0.66457014 -0.90269056]
 [-1.39474203  1.3117578 ]
 [ 0.50395253  0.41340378]
 [ 1.79556866  0.3013442 ]
 [ 0.05985721 -1.11087083]
 [-0.76440428 -1.02396635]]
[[ 0.73024789 -0.46251918]
 [-0.53769226 -1.09707056]
 [ 0.50395253  0.41340378]
 [-1.43025778  0.07872996]
 [ 0.19591289 -1.145337  ]
 [-0.80895771  1.35658498]
 [ 1.79556866  0.3013442 ]
 [ 0.36508924  1.64213991]
 [-1.11765402 -0.86286565]
 [ 1.58874292 -1.50809366]
 [ 0.02521779  0.35900821]
 [ 0.48482988 -2.18154739]
 [ 1.45196622  1.00858522]
 [-1.57678242 -1.34866433]
 [-1.26589921  0.83773481]
 [ 0.89217235 -0.06421063]
 [ 1.89713199 -0.40148845]
 [-0.54131055 -1.62731056]
 [ 0.7271353  -0.84232955]
 [-1.83673194  0.19885423]
 [-1.39474203  1.3117578 ]
 [ 0.05985721 -1.11087083]
 [ 0.65466647 -0.02140233]
 [-0.06209109  1.65293698]
 [-1.21283036 -0.58631365]]
[[ 0.70127411 -0.54817036]
 [-0.0566955  -1.13761572]
 [ 0.38108822  0.44038031]
 [-1.43025778  0.07872996]
 [-0.80895771  1.35658498]
 [-1.11765402 -0.86286565]
 [ 0.97843142  0.16328843]
 [-0.06209109  1.65293698]
 [ 1.58874292 -1.50809366]
 [ 0.48482988 -2.18154739]
 [ 1.79556866  0.3013442 ]
 [ 1.45196622  1.00858522]
 [ 0.50823353 -0.96630211]
 [-1.27001066  0.91701158]
 [-1.57678242 -1.34866433]
 [-0.54131055 -1.62731056]
 [-0.21398506  0.57961506]
 [ 1.89713199 -0.40148845]
 [ 0.65466647 -0.02140233]
 [-1.83673194  0.19885423]
 [-0.23534124 -1.14454421]
 [ 0.93337664 -0.46937868]
 [-1.39474203  1.3117578 ]
 [ 0.37130009 -1.10475907]
 [ 0.36508924  1.64213991]]
[[ 0.70127411 -0.54817036]
 [-0.50492537 -1.11517444]
 [ 0.38108822  0.44038031]
 [-1.43025778  0.07872996]
 [ 0.23131324 -1.21697098]
 [-0.80895771  1.35658498]
 [ 1.79556866  0.3013442 ]
 [-1.11765402 -0.86286565]
 [-0.06209109  1.65293698]
 [ 0.20055236 -1.97600749]
 [ 1.58874292 -1.50809366]
 [ 1.45196622  1.00858522]
 [ 0.90907468  0.05824682]
 [-1.27001066  0.91701158]
 [-1.57678242 -1.34866433]
 [-0.21398506  0.57961506]
 [ 1.89713199 -0.40148845]
 [ 0.45254551 -0.91390407]
 [-0.54131055 -1.62731056]
 [-1.83673194  0.19885423]
 [ 0.56418898  0.09986111]
 [ 0.93337664 -0.46937868]
 [-0.0750462  -1.13626803]
 [-1.34287084 -0.35783424]
 [-1.39474203  1.3117578 ]]
[[ 0.63430415 -0.69419846]
 [-0.40157653 -1.13179663]
 [ 0.62274528  0.36691802]
 [-1.43025778  0.07872996]
 [-0.80895771  1.35658498]
 [ 0.23131324 -1.21697098]
 [ 1.79556866  0.3013442 ]
 [ 0.52810491  1.61146228]
 [-1.11765402 -0.86286565]
 [ 1.58874292 -1.50809366]
 [ 0.89424022 -0.21528214]
 [ 1.45196622  1.00858522]
 [-1.27001066  0.91701158]
 [-0.54131055 -1.62731056]
 [-0.21398506  0.57961506]
 [-1.57678242 -1.34866433]
 [ 0.20055236 -1.97600749]
 [ 1.89713199 -0.40148845]
 [-1.83673194  0.19885423]
 [ 0.42218925  0.15009847]
 [ 0.63155437 -0.8504264 ]
 [-0.06209109  1.65293698]
 [ 0.19057814 -1.06814846]
 [-1.39581707 -0.38515891]
 [-1.39474203  1.3117578 ]]
[[ 0.61652517 -0.72798018]
 [-0.6916231  -1.03844035]
 [ 0.5324306   0.306895  ]
 [-1.43129119  0.07127311]
 [-0.35995103  1.60681937]
 [ 0.00954571 -1.19725839]
 [ 0.98282671  0.44510042]
 [-1.27001066  0.91701158]
 [ 0.52810491  1.61146228]
 [ 1.89713199 -0.40148845]
 [ 1.58874292 -1.50809366]
 [-1.57678242 -1.34866433]
 [ 1.45196622  1.00858522]
 [-0.21398506  0.57961506]
 [-1.21276561 -0.6264628 ]
 [ 0.20055236 -1.97600749]
 [ 0.89424022 -0.21528214]
 [-1.83673194  0.19885423]
 [-0.54131055 -1.62731056]
 [ 0.50247448 -1.02165636]
 [ 0.42218925  0.15009847]
 [ 1.79556866  0.3013442 ]
 [-1.39474203  1.3117578 ]
 [-0.12786577 -1.14614461]
 [ 0.85846389 -0.47597395]]
[[ 0.72933434 -0.43392916]
 [-0.4137834  -1.12963002]
 [ 0.42457618  0.35428004]
 [-1.45699373 -0.17082821]
 [ 0.3184527  -1.07059706]
 [-1.03786267  1.1557511 ]
 [ 0.98282671  0.44510042]
 [-0.05703314  1.65049119]
 [-1.15538189 -0.71436592]
 [ 1.89713199 -0.40148845]
 [ 1.58874292 -1.50809366]
 [ 0.20055236 -1.97600749]
 [-1.57678242 -1.34866433]
 [ 1.45196622  1.00858522]
 [-0.09054201  0.39973008]
 [-1.42105656  0.35837261]
 [ 0.87478368 -0.61813736]
 [ 0.52810491  1.61146228]
 [ 0.68418265 -0.03382119]
 [-1.39474203  1.3117578 ]
 [-0.54131055 -1.62731056]
 [ 1.79556866  0.3013442 ]
 [-1.83673194  0.19885423]
 [ 0.3385195  -1.03316846]
 [-0.6916231  -1.03844035]]
[[ 0.72933434 -0.43392916]
 [-0.4137834  -1.12963002]
 [ 0.45003158  0.42048914]
 [-1.45699373 -0.17082821]
 [-0.48654843  1.53868537]
 [ 0.3184527  -1.07059706]
 [ 0.98282671  0.44510042]
 [-1.20793312  0.93432202]
 [ 1.76357486 -0.62944922]
 [-1.06673853 -0.79531283]
 [ 0.52810491  1.61146228]
 [-0.54131055 -1.62731056]
 [ 1.58874292 -1.50809366]
 [-0.19849312  0.38240564]
 [-1.57678242 -1.34866433]
 [ 1.45196622  1.00858522]
 [ 0.20055236 -1.97600749]
 [ 1.79556866  0.3013442 ]
 [ 0.72390959 -0.06682835]
 [-1.83673194  0.19885423]
 [-1.39474203  1.3117578 ]
 [ 0.67088001 -0.86923805]
 [ 0.0116658  -1.14091403]
 [ 0.90227943 -0.24298226]
 [-0.05703314  1.65049119]]
[[ 0.72933434 -0.43392916]
 [-0.32938227 -1.16916052]
 [ 0.45003158  0.42048914]
 [-1.40819417 -0.12572908]
 [-0.819668    1.35188585]
 [ 0.38740207 -1.07170225]
 [ 0.98282671  0.44510042]
 [-0.05703314  1.65049119]
 [-1.0221394  -0.84710917]
 [ 1.58874292 -1.50809366]
 [ 0.20055236 -1.97600749]
 [ 1.79556866  0.3013442 ]
 [-1.57678242 -1.34866433]
 [-1.39474203  1.3117578 ]
 [ 1.45196622  1.00858522]
 [-0.19849312  0.38240564]
 [ 1.76357486 -0.62944922]
 [-1.83673194  0.19885423]
 [ 0.75276364 -0.14003261]
 [ 0.77066495 -0.84504435]
 [-0.54131055 -1.62731056]
 [-1.20793312  0.93432202]
 [ 0.52810491  1.61146228]
 [ 0.15830248 -1.0809045 ]
 [ 0.71243496 -0.08131751]]
[[ 0.72933434 -0.43392916]
 [-0.6546283  -1.05769161]
 [ 0.42606335  0.46562539]
 [-1.40819417 -0.12572908]
 [ 0.30817402 -1.07933724]
 [-0.05703314  1.65049119]
 [ 0.98282671  0.44510042]
 [-1.20793312  0.93432202]
 [ 1.58874292 -1.50809366]
 [ 0.87412619  1.48926533]
 [-1.57678242 -1.34866433]
 [-0.54131055 -1.62731056]
 [ 1.79556866  0.3013442 ]
 [-0.19849312  0.38240564]
 [ 1.76357486 -0.62944922]
 [ 0.20055236 -1.97600749]
 [-1.83673194  0.19885423]
 [ 0.65417182 -0.02222636]
 [ 0.77066495 -0.84504435]
 [-1.05727899 -0.83293738]
 [-0.819668    1.35188585]
 [-0.22877821 -1.14464001]
 [ 1.45196622  1.00858522]
 [-1.39474203  1.3117578 ]
 [ 0.82025559 -0.30933353]]
[[ 6.79395483e-01 -6.05283890e-01]
 [-6.54628298e-01 -1.05769161e+00]
 [ 6.86229897e-01  1.29807415e-01]
 [-1.41117068e+00  5.02505922e-01]
 [-5.12192952e-01  1.53617958e+00]
 [-7.98614493e-04 -1.14330994e+00]
 [ 8.74126195e-01  1.48926533e+00]
 [-1.30088058e+00 -4.80782246e-01]
 [ 1.79556866e+00  3.01344205e-01]
 [ 1.58874292e+00 -1.50809366e+00]
 [-5.41310546e-01 -1.62731056e+00]
 [-1.98493115e-01  3.82405644e-01]
 [-1.39474203e+00  1.31175780e+00]
 [-1.57678242e+00 -1.34866433e+00]
 [ 1.76357486e+00 -6.29449221e-01]
 [ 2.00552357e-01 -1.97600749e+00]
 [ 2.08647770e-01  1.65378007e+00]
 [ 6.10238576e-01 -8.21481820e-01]
 [-1.83673194e+00  1.98854229e-01]
 [ 8.48475863e-01 -3.18280545e-01]
 [ 5.47809266e-01  4.24639272e-01]
 [ 1.45196622e+00  1.00858522e+00]
 [-9.39934206e-01 -8.85646789e-01]
 [ 1.78273034e-01 -1.10351400e+00]
 [ 8.46907170e-01 -1.03631179e-01]]
[[ 7.30548135e-01 -4.32280433e-01]
 [-6.54628298e-01 -1.05769161e+00]
 [ 4.57716115e-01  3.86380296e-01]
 [-1.41449818e+00 -7.43083789e-02]
 [ 1.78273034e-01 -1.10351400e+00]
 [-5.12192952e-01  1.53617958e+00]
 [ 1.79556866e+00  3.01344205e-01]
 [ 2.92373979e-01  1.65730135e+00]
 [ 1.58874292e+00 -1.50809366e+00]
 [-1.23489273e+00  9.19448876e-01]
 [-1.19645916e-01  2.52426176e-01]
 [-1.28894918e+00 -7.59602508e-01]
 [ 2.00552357e-01 -1.97600749e+00]
 [ 1.45196622e+00  1.00858522e+00]
 [ 1.76357486e+00 -6.29449221e-01]
 [-1.57678242e+00 -1.34866433e+00]
 [ 8.72338262e-01 -7.54120533e-02]
 [ 6.26878369e-01 -8.54199319e-01]
 [-1.83673194e+00  1.98854229e-01]
 [-5.41310546e-01 -1.62731056e+00]
 [-1.39474203e+00  1.31175780e+00]
 [-7.98614493e-04 -1.14330994e+00]
 [ 7.48337234e-01  3.10283678e-02]
 [ 6.70353628e-01 -7.09994138e-01]
 [-9.39934206e-01 -8.85646789e-01]]
[[ 0.66488405 -0.63293006]
 [-0.81325761 -0.97827273]
 [ 0.70034137  0.27082256]
 [-0.86207242  1.31603708]
 [-1.38175387 -0.21298771]
 [ 0.06570035 -1.20084273]
 [ 0.41888032  1.63820043]
 [ 1.79556866  0.3013442 ]
 [ 1.58874292 -1.50809366]
 [-1.30408989  0.78559472]
 [-0.11964592  0.25242618]
 [ 1.45196622  1.00858522]
 [-1.57678242 -1.34866433]
 [ 0.20055236 -1.97600749]
 [ 0.94810248 -0.43023688]
 [ 0.52625158 -1.0380038 ]
 [-0.36299276  1.58466229]
 [-1.83673194  0.19885423]
 [ 1.76357486 -0.62944922]
 [-0.54131055 -1.62731056]
 [-1.39474203  1.3117578 ]
 [ 0.69251985 -0.06314408]
 [-0.11161153 -1.14009179]
 [ 0.85604699  0.52781576]
 [-1.01388671 -0.82575174]]
[[ 0.66488405 -0.63293006]
 [-0.81325761 -0.97827273]
 [ 0.70034137  0.27082256]
 [-1.44864451  0.2941464 ]
 [-0.75277113  1.44963573]
 [ 0.06570035 -1.20084273]
 [ 1.45196622  1.00858522]
 [ 1.76357486 -0.62944922]
 [-1.38163309 -0.36363606]
 [ 0.41888032  1.63820043]
 [-0.11964592  0.25242618]
 [ 1.58874292 -1.50809366]
 [-1.57678242 -1.34866433]
 [ 0.20055236 -1.97600749]
 [-1.39474203  1.3117578 ]
 [ 0.83668034 -0.20209169]
 [ 0.52625158 -1.0380038 ]
 [ 1.79556866  0.3013442 ]
 [-0.54131055 -1.62731056]
 [-1.83673194  0.19885423]
 [-1.27886979  0.84080997]
 [-0.43380046 -1.12254951]
 [ 0.71381401 -0.56513214]
 [-0.30684001  1.5971516 ]
 [ 0.65437632  0.3399599 ]]
[[ 0.72583041 -0.47553474]
 [-0.49549022 -1.1091715 ]
 [ 0.55944867  0.30136321]
 [-1.42567382  0.02143993]
 [-0.8520602   1.32505606]
 [ 0.26826753 -1.09825191]
 [ 0.41888032  1.63820043]
 [ 1.79556866  0.3013442 ]
 [-1.1326374  -0.72812172]
 [ 1.58874292 -1.50809366]
 [-0.11964592  0.25242618]
 [ 0.20055236 -1.97600749]
 [-1.57678242 -1.34866433]
 [-1.39356775  0.66372912]
 [ 1.45196622  1.00858522]
 [ 0.88178281 -0.00237591]
 [ 1.76357486 -0.62944922]
 [ 0.66108296 -0.83387912]
 [-1.83673194  0.19885423]
 [-1.39474203  1.3117578 ]
 [-0.54131055 -1.62731056]
 [ 0.4635461   0.5815148 ]
 [ 0.00783704 -1.13396987]
 [-0.30684001  1.5971516 ]
 [ 0.72088512 -0.075535  ]]
[[ 0.72583041 -0.47553474]
 [-0.61467375 -1.07043088]
 [ 0.55944867  0.30136321]
 [-1.42567382  0.02143993]
 [-0.8520602   1.32505606]
 [ 0.16321729 -1.13154975]
 [ 1.76357486 -0.62944922]
 [ 1.04404162  1.40225748]
 [-1.13445647 -0.77893279]
 [ 1.79556866  0.3013442 ]
 [-0.30684001  1.5971516 ]
 [-0.54131055 -1.62731056]
 [ 1.58874292 -1.50809366]
 [-0.11964592  0.25242618]
 [-1.57678242 -1.34866433]
 [-1.32300972  0.79361662]
 [ 0.20055236 -1.97600749]
 [ 0.66108296 -0.83387912]
 [ 0.85402854 -0.110783  ]
 [-1.83673194  0.19885423]
 [ 0.4635461   0.5815148 ]
 [-1.39474203  1.3117578 ]
 [ 1.45196622  1.00858522]
 [-0.01832644 -1.12784319]
 [-1.35288381 -0.33364527]]
[[ 0.58759504 -0.75947959]
 [-0.61467375 -1.07043088]
 [ 0.73059884  0.18603911]
 [-1.42567382  0.02143993]
 [-0.8520602   1.32505606]
 [ 0.07488565 -1.19102081]
 [ 1.04404162  1.40225748]
 [ 1.76357486 -0.62944922]
 [-0.30684001  1.5971516 ]
 [ 0.44137786 -1.93230667]
 [-1.13445647 -0.77893279]
 [-0.11964592  0.25242618]
 [ 1.79556866  0.3013442 ]
 [ 1.58874292 -1.50809366]
 [-1.57678242 -1.34866433]
 [ 0.80390016 -0.43540576]
 [-1.32300972  0.79361662]
 [-0.54131055 -1.62731056]
 [-1.83673194  0.19885423]
 [ 0.54709    -1.00135619]
 [ 1.45196622  1.00858522]
 [-1.39474203  1.3117578 ]
 [ 0.4635461   0.5815148 ]
 [ 0.81665601 -0.27883185]
 [-0.01832644 -1.12784319]]
[[ 0.74799113 -0.21651015]
 [-0.36515491 -1.13619163]
 [-1.38281968  0.53246731]
 [ 0.50075403  0.35117055]
 [-1.21311544 -0.66274778]
 [-0.8520602   1.32505606]
 [ 0.54709    -1.00135619]
 [ 1.79556866  0.3013442 ]
 [ 1.74920659 -0.72255251]
 [ 1.04404162  1.40225748]
 [-0.28530241 -0.06787656]
 [ 0.44137786 -1.93230667]
 [-0.30684001  1.5971516 ]
 [-1.57678242 -1.34866433]
 [ 1.58874292 -1.50809366]
 [-1.47475877  0.02887342]
 [-1.39474203  1.3117578 ]
 [ 0.90363463 -0.42547931]
 [ 0.24082345 -1.04363333]
 [-0.54131055 -1.62731056]
 [ 0.06433596  0.54993371]
 [ 0.83154944  0.23510287]
 [-1.83673194  0.19885423]
 [-0.80109066 -0.98646182]
 [ 1.45196622  1.00858522]]
[[ 0.72399446 -0.46915819]
 [-0.73574321 -1.01710714]
 [ 0.64230207  0.21007726]
 [-1.458325    0.12804136]
 [ 0.21835379 -1.07632996]
 [-0.8520602   1.32505606]
 [ 1.45196622  1.00858522]
 [ 1.74920659 -0.72255251]
 [ 0.4468184   1.62652926]
 [-1.21311544 -0.66274778]
 [-0.28530241 -0.06787656]
 [ 1.58874292 -1.50809366]
 [ 0.44137786 -1.93230667]
 [-1.57678242 -1.34866433]
 [-1.28493198  0.86719443]
 [ 0.38556466  0.67118757]
 [ 1.79556866  0.3013442 ]
 [ 0.6768008  -0.73698722]
 [-0.54131055 -1.62731056]
 [ 0.92513657 -0.06041508]
 [-1.83673194  0.19885423]
 [-1.39474203  1.3117578 ]
 [-0.10934901 -1.14453139]
 [-0.30684001  1.5971516 ]
 [ 0.60232003 -0.88970138]]
[[ 0.62267594 -0.71823503]
 [-0.73574321 -1.01710714]
 [ 0.71148802  0.11559838]
 [-1.45163998  0.30796871]
 [ 0.27280071  1.65084576]
 [-0.10300597 -1.17579757]
 [-1.17155294  1.0021864 ]
 [ 1.79556866  0.3013442 ]
 [ 1.58874292 -1.50809366]
 [-1.26529105 -0.58402682]
 [-0.28530241 -0.06787656]
 [ 1.45196622  1.00858522]
 [ 0.44137786 -1.93230667]
 [-1.57678242 -1.34866433]
 [ 0.96100126 -0.19831262]
 [-0.30684001  1.5971516 ]
 [ 0.38556466  0.67118757]
 [ 0.51697362 -0.91406197]
 [ 1.74920659 -0.72255251]
 [-0.54131055 -1.62731056]
 [-1.39474203  1.3117578 ]
 [-1.83673194  0.19885423]
 [ 0.79430235  1.52492225]
 [ 0.73854346 -0.35058894]
 [-0.02959942 -1.16198489]]
[[ 0.652527   -0.65670701]
 [-0.50290211 -1.11108376]
 [ 0.5613751   0.2743432 ]
 [-1.3999041   0.48298215]
 [-1.10658582 -0.77999107]
 [ 0.11159554  1.66026176]
 [ 0.96100126 -0.19831262]
 [ 0.32153098 -1.09467628]
 [ 1.58874292 -1.50809366]
 [ 1.45196622  1.00858522]
 [-1.17155294  1.0021864 ]
 [-1.57678242 -1.34866433]
 [ 0.44137786 -1.93230667]
 [ 1.79556866  0.3013442 ]
 [-0.28530241 -0.06787656]
 [-1.83673194  0.19885423]
 [ 1.74920659 -0.72255251]
 [ 0.38556466  0.67118757]
 [ 0.79430235  1.52492225]
 [-0.21882885 -1.21443803]
 [-1.39474203  1.3117578 ]
 [-0.54131055 -1.62731056]
 [-1.30614141 -0.42245392]
 [ 0.70290962 -0.7901148 ]
 [ 0.70569173 -0.09864061]]
[[ 0.72007749 -0.52680782]
 [-0.70232832 -1.03695093]
 [ 0.51439815  0.28859177]
 [-1.42353698 -0.11653027]
 [ 0.1574661  -1.14984527]
 [-1.17155294  1.0021864 ]
 [ 0.48787636  1.62833981]
 [ 1.79556866  0.3013442 ]
 [ 1.58874292 -1.50809366]
 [-0.28530241 -0.06787656]
 [-1.57678242 -1.34866433]
 [ 1.45196622  1.00858522]
 [-0.54131055 -1.62731056]
 [-0.73217586  1.40983081]
 [ 0.96100126 -0.19831262]
 [ 0.44137786 -1.93230667]
 [-1.83673194  0.19885423]
 [ 0.64874005 -0.93772857]
 [ 1.74920659 -0.72255251]
 [ 0.21975621  0.61149235]
 [-1.15963656 -0.66227773]
 [-1.39474203  1.3117578 ]
 [ 0.70569173 -0.09864061]
 [-0.08042138 -1.17433189]
 [ 0.64640947 -0.68859015]]
[[ 0.73820566 -0.35625255]
 [-0.09857261 -1.15847115]
 [ 0.38379476  0.44598099]
 [-1.27559771 -0.51448621]
 [-1.22824644  0.90590348]
 [ 0.64874005 -0.93772857]
 [ 1.80140033  0.38274454]
 [ 0.3101505   1.64789073]
 [-0.83207841 -1.07858199]
 [ 1.58874292 -1.50809366]
 [-0.28530241 -0.06787656]
 [-0.73217586  1.40983081]
 [ 0.44137786 -1.93230667]
 [ 1.74920659 -0.72255251]
 [-1.57678242 -1.34866433]
 [-1.83673194  0.19885423]
 [ 0.8176969   0.14505988]
 [ 1.45196622  1.00858522]
 [-1.39474203  1.3117578 ]
 [-0.54131055 -1.62731056]
 [ 0.22925781 -1.06758574]
 [ 0.80261745 -0.51049571]
 [ 0.52228713  0.13627592]
 [ 0.21975621  0.61149235]
 [ 0.61171835 -0.79298292]]
[[ 0.73820566 -0.35625255]
 [-0.39514209 -1.13141763]
 [ 0.38379476  0.44598099]
 [-1.34768705 -0.32333473]
 [-1.22824644  0.90590348]
 [ 0.47023959 -1.04511193]
 [ 1.80140033  0.38274454]
 [ 1.58874292 -1.50809366]
 [ 0.3101505   1.64789073]
 [-0.99756406 -0.90649015]
 [-0.14362154  0.33361648]
 [ 0.44137786 -1.93230667]
 [-0.94105888  1.37256968]
 [-1.57678242 -1.34866433]
 [ 1.74920659 -0.72255251]
 [ 1.45196622  1.00858522]
 [ 0.8176969   0.14505988]
 [-1.83673194  0.19885423]
 [-0.0673625  -1.13542787]
 [-0.54131055 -1.62731056]
 [ 0.87296497 -0.66802024]
 [-1.39474203  1.3117578 ]
 [ 0.7314026  -0.14112799]
 [ 0.3147804   0.61500262]
 [ 0.21800717 -1.05423505]]
[[ 0.67195189 -0.62119242]
 [-0.44320898 -1.12084564]
 [ 0.46526045  0.33488995]
 [-1.4110817  -0.17718557]
 [-1.22824644  0.90590348]
 [ 1.11667656  0.15107869]
 [ 0.20468641 -1.09740602]
 [ 0.36973605  1.64702199]
 [ 1.58874292 -1.50809366]
 [-1.14132525 -0.78304862]
 [ 1.48709728  0.99463677]
 [ 0.44137786 -1.93230667]
 [-0.06167061  0.43337341]
 [-1.57678242 -1.34866433]
 [ 1.74920659 -0.72255251]
 [-0.94105888  1.37256968]
 [ 0.72289403 -0.17810321]
 [-1.83673194  0.19885423]
 [-0.54131055 -1.62731056]
 [ 0.59147022 -1.05985908]
 [ 1.80140033  0.38274454]
 [-1.39474203  1.3117578 ]
 [-0.0673625  -1.13542787]
 [ 0.73820566 -0.35625255]
 [-0.89101196 -0.92235617]]
[[ 0.69367074 -0.56441197]
 [-0.44320898 -1.12084564]
 [ 0.53570133  0.27313453]
 [-1.37678142 -0.25500497]
 [-0.86033461  1.33329355]
 [ 0.20468641 -1.09740602]
 [ 1.11667656  0.15107869]
 [-0.18972431  1.62468185]
 [ 1.58874292 -1.50809366]
 [-1.21336628 -0.76871609]
 [ 1.48709728  0.99463677]
 [-1.83673194  0.19885423]
 [ 0.44137786 -1.93230667]
 [-0.06167061  0.43337341]
 [-1.57678242 -1.34866433]
 [ 1.74920659 -0.72255251]
 [-1.33305962  0.87764659]
 [ 1.80140033  0.38274454]
 [ 0.72028111 -0.50670488]
 [-0.54131055 -1.62731056]
 [ 0.59147022 -1.05985908]
 [ 0.36973605  1.64702199]
 [-1.39474203  1.3117578 ]
 [-0.06252967 -1.13445144]
 [ 0.72289403 -0.17810321]]
[[ 0.62641646 -0.71448498]
 [-0.64023117 -1.06134017]
 [ 0.71274968  0.17191494]
 [-1.35844879  0.62678607]
 [-0.18972431  1.62468185]
 [-1.12163828 -0.7091307 ]
 [ 1.55817734  0.87618747]
 [ 0.18816485 -1.19841245]
 [ 1.74920659 -0.72255251]
 [-0.96601221  1.24973556]
 [-0.06167061  0.43337341]
 [ 1.58874292 -1.50809366]
 [-1.57678242 -1.34866433]
 [ 1.08520873  1.35866467]
 [-1.43611547 -0.02601278]
 [ 0.44137786 -1.93230667]
 [ 0.84364238 -0.13424156]
 [-0.54131055 -1.62731056]
 [-1.83673194  0.19885423]
 [ 0.71474341 -0.86049117]
 [-1.39474203  1.3117578 ]
 [-0.06252967 -1.13445144]
 [ 1.80140033  0.38274454]
 [ 0.57030787  0.1187467 ]
 [ 0.69367074 -0.56441197]]
[[ 0.62641646 -0.71448498]
 [-0.64023117 -1.06134017]
 [ 0.71274968  0.17191494]
 [-1.35844879  0.62678607]
 [-0.18972431  1.62468185]
 [-1.12163828 -0.7091307 ]
 [ 1.55817734  0.87618747]
 [ 0.18816485 -1.19841245]
 [ 1.74920659 -0.72255251]
 [-0.96601221  1.24973556]
 [-0.06167061  0.43337341]
 [ 1.58874292 -1.50809366]
 [-1.57678242 -1.34866433]
 [ 1.08520873  1.35866467]
 [-1.43611547 -0.02601278]
 [ 0.44137786 -1.93230667]
 [ 0.84364238 -0.13424156]
 [-0.54131055 -1.62731056]
 [-1.83673194  0.19885423]
 [ 0.71474341 -0.86049117]
 [-1.39474203  1.3117578 ]
 [-0.06252967 -1.13445144]
 [ 1.80140033  0.38274454]
 [ 0.57030787  0.1187467 ]
 [ 0.69367074 -0.56441197]] [[1]
 [1]
 [1]
 [1]
 [1]
 [1]
 [1]
 [1]
 [1]
 [1]
 [1]
 [0]
 [1]
 [1]
 [1]
 [1]
 [1]
 [0]
 [0]
 [1]
 [0]
 [1]
 [1]
 [1]
 [1]]
