-0.7318756250775322
-0.7468324947288877
-0.7468324947288877
-0.7328034252651177
-0.7264012599857658
-0.6871442426223318
-0.7387869647617383
-0.7208897543587949
-0.7341149949360128
-0.7341149949360128
-0.694852719768
-0.7575898250824276
-0.7049223525643395
-0.7382217421644917
-0.7238736280171726
-0.7391433530415168
-0.7107920851397104
-0.5571163730157667
-0.7187916363845376
-0.7187916363845376
-0.656695856238835
-0.7125758406743036
-0.656695856238835
-0.7180868446182168
-0.7180868446182168
-0.7180868446182168
-0.7091569334519406
-0.7091569334519406
-0.7186736042225922
-0.7186736042225922
-0.7186736042225922
-0.7135463222088998
-0.7077436042722742
-0.7077436042722742
-0.7077436042722742
-0.7413035529254106
-0.7413035529254106
-0.7413035529254106
-0.7328250104239735
-0.6991778506006351
-0.738765783066625
-0.6703078297813871
-0.6703078297813871
-0.6703078297813871
-0.5493203643523652
-0.7577281504699196
-0.6580264301883673
-0.7147038783792233
-0.6325162718470052
-0.735106078731163
0.7317311630419101
0.6973952431132074
0.7273667748254623
0.7273667748254623
0.7392982915133798
0.29104363426097385
0.6134287752091936
0.7386783823028296
0.6717070860333867
0.7206593276086519
0.7206593276086519
0.7114337081587271
0.7114337081587271
0.6308650755122778
0.6308650755122778
0.7433469621575575
0.6829764704941264
0.6619927219392312
0.6759680407151495
0.7233188457701307
0.7233188457701307
0.63831558549173
0.686307006643879
0.686307006643879
0.7302478866939065
0.7012741071940972
0.7012741071940972
0.6343041538800829
0.6165251742526363
0.7293343350768334
0.7293343350768334
0.7293343350768334
0.7293343350768334
0.6793954831779612
0.7305481348689561
0.6648840529938791
0.6648840529938791
0.7258304128585206
0.7258304128585206
0.5875950430088092
0.7479911348151257
0.7239944581059148
0.6226759353578358
0.6525269950681487
0.7200774947976297
0.7382056553438501
0.7382056553438501
0.671951892542366
0.6936707356066192
0.6264164635596431
[[ 0.62641646 -0.71448498]
 [-0.64023117 -1.06134017]
 [ 0.71274968  0.17191494]
 [-1.35844879  0.62678607]
 [-0.18972431  1.62468185]
 [-1.12163828 -0.7091307 ]
 [ 1.55817734  0.87618747]
 [ 0.18816485 -1.19841245]
 [ 1.74920659 -0.72255251]
 [-0.96601221  1.24973556]
 [-0.06167061  0.43337341]
 [ 1.58874292 -1.50809366]
 [-1.57678242 -1.34866433]
 [ 1.08520873  1.35866467]
 [-1.43611547 -0.02601278]
 [ 0.44137786 -1.93230667]
 [ 0.84364238 -0.13424156]
 [-0.54131055 -1.62731056]
 [-1.83673194  0.19885423]
 [ 0.71474341 -0.86049117]
 [-1.39474203  1.3117578 ]
 [-0.06252967 -1.13445144]
 [ 1.80140033  0.38274454]
 [ 0.57030787  0.1187467 ]
 [ 0.69367074 -0.56441197]] [[1]
 [1]
 [1]
 [1]
 [1]
 [1]
 [1]
 [1]
 [1]
 [1]
 [1]
 [0]
 [1]
 [1]
 [1]
 [1]
 [1]
 [0]
 [0]
 [1]
 [0]
 [1]
 [1]
 [1]
 [1]]
