0.69 -0.56
-0.52 -1.10
0.54 0.27
-1.43 0.02
-0.86 1.33
0.16 -1.15
1.12 0.15
0.27 1.65
-1.22 -0.67
1.44 1.04
1.21 -0.93
-0.08 0.38
-1.33 0.88
0.44 -1.93
-0.97 -1.44
1.85 0.16
0.74 -0.36
0.47 -1.05
-0.35 1.94
0.39 0.67
-0.22 -1.21
1.59 -1.51
-1.93 0.29
0.48 0.01
-0.89 -0.92
0.67 1.91
0.49 -0.89
-1.76 -0.43
1.90 -0.40
-1.39 1.31
0.84 -0.27
-1.58 -1.35
-0.16 -1.20
0.67 0.25
-1.38 0.53
-0.02 -1.99
-1.20 -0.60
0.52 -0.84
0.87 -0.39
-0.54 -0.09
-0.09 1.22
1.03 1.39
-0.17 -1.15
0.43 0.17
0.53 -1.08
-0.85 -0.95
0.71 -0.51
-1.39 -0.22
0.85 0.18
0.09 -1.10
-0.85 0.72
0.48 -2.18
0.15 0.38
-0.62 1.51
1.03 -0.30
0.59 -0.76
1.68 0.76
0.71 0.78
-0.41 -1.14
-1.14 -0.78
0.63 0.02
-1.43 0.65
0.98 -1.68
0.52 -0.85
0.02 -1.23
-1.43 -0.02
-0.97 1.68
0.41 -0.08
-0.58 -1.09
0.87 -0.67
0.05 0.53
0.85 0.13
-1.18 -0.66
0.28 -1.03
-0.57 -1.64
-0.07 1.66
0.68 -0.60
0.66 0.21
0.18 -1.27
-0.44 -1.12
-1.69 0.86
1.13 -0.40
1.70 -0.84
0.65 -0.94
-1.43 0.15
-1.11 -0.77
0.68 -0.07
-1.17 0.99
0.19 0.45
1.31 1.25
-0.06 -1.13
0.82 0.49
0.62 -0.72
-0.70 -1.04
-1.30 -0.43
-0.19 1.97
0.72 -0.17
0.22 -1.05
0.15 0.04
0.49 1.63
